2488 
0.000000000000 	 0.000000000000 	 0
0.031250000000 	 0.000000000000 	 0
0.062500000000 	 0.000000000000 	 0
0.093750000000 	 0.000000000000 	 0
0.125000000000 	 0.000000000000 	 0
0.156250000000 	 0.000000000000 	 0
0.187500000000 	 0.000000000000 	 0
0.218750000000 	 0.000000000000 	 0
0.250000000000 	 0.000000000000 	 0
0.281250000000 	 0.000000000000 	 0
0.312500000000 	 0.000000000000 	 0
0.343750000000 	 0.000000000000 	 0
0.375000000000 	 0.000000000000 	 0
0.406250000000 	 0.000000000000 	 0
0.437500000000 	 0.000000000000 	 0
0.468750000000 	 0.000000000000 	 0
0.500000000000 	 0.000000000000 	 0
0.531250000000 	 0.000000000000 	 0
0.562500000000 	 0.000000000000 	 0
0.593750000000 	 0.000000000000 	 0
0.625000000000 	 0.000000000000 	 0
0.656250000000 	 0.000000000000 	 0
0.687500000000 	 0.000000000000 	 0
0.718750000000 	 0.000000000000 	 0
0.750000000000 	 0.000000000000 	 0
0.781250000000 	 0.000000000000 	 0
0.812500000000 	 0.000000000000 	 0
0.843750000000 	 0.000000000000 	 0
0.875000000000 	 0.000000000000 	 0
0.906250000000 	 0.000000000000 	 0
0.937500000000 	 0.000000000000 	 0
0.968750000000 	 0.000000000000 	 0
0.000000000000 	 0.031250000000 	 0
0.031250000000 	 0.031250000000 	 0
0.062500000000 	 0.031250000000 	 0
0.093750000000 	 0.031250000000 	 0
0.125000000000 	 0.031250000000 	 0
0.156250000000 	 0.031250000000 	 0
0.187500000000 	 0.031250000000 	 0
0.218750000000 	 0.031250000000 	 0
0.250000000000 	 0.031250000000 	 0
0.281250000000 	 0.031250000000 	 0
0.312500000000 	 0.031250000000 	 0
0.343750000000 	 0.031250000000 	 0
0.375000000000 	 0.031250000000 	 0
0.406250000000 	 0.031250000000 	 0
0.437500000000 	 0.031250000000 	 0
0.468750000000 	 0.031250000000 	 0
0.500000000000 	 0.031250000000 	 0
0.531250000000 	 0.031250000000 	 0
0.562500000000 	 0.031250000000 	 0
0.593750000000 	 0.031250000000 	 0
0.625000000000 	 0.031250000000 	 0
0.656250000000 	 0.031250000000 	 0
0.687500000000 	 0.031250000000 	 0
0.718750000000 	 0.031250000000 	 0
0.750000000000 	 0.031250000000 	 0
0.781250000000 	 0.031250000000 	 0
0.812500000000 	 0.031250000000 	 0
0.843750000000 	 0.031250000000 	 0
0.875000000000 	 0.031250000000 	 0
0.906250000000 	 0.031250000000 	 0
0.937500000000 	 0.031250000000 	 0
0.968750000000 	 0.031250000000 	 0
0.000000000000 	 0.062500000000 	 0
0.031250000000 	 0.062500000000 	 0
0.062500000000 	 0.062500000000 	 0
0.093750000000 	 0.062500000000 	 0
0.125000000000 	 0.062500000000 	 0
0.156250000000 	 0.062500000000 	 0
0.187500000000 	 0.062500000000 	 0
0.218750000000 	 0.062500000000 	 0
0.250000000000 	 0.062500000000 	 0
0.281250000000 	 0.062500000000 	 0
0.312500000000 	 0.062500000000 	 0
0.343750000000 	 0.062500000000 	 0
0.375000000000 	 0.062500000000 	 0
0.406250000000 	 0.062500000000 	 0
0.437500000000 	 0.062500000000 	 0
0.468750000000 	 0.062500000000 	 0
0.500000000000 	 0.062500000000 	 0
0.531250000000 	 0.062500000000 	 0
0.562500000000 	 0.062500000000 	 0
0.593750000000 	 0.062500000000 	 0
0.625000000000 	 0.062500000000 	 0
0.656250000000 	 0.062500000000 	 0
0.687500000000 	 0.062500000000 	 0
0.718750000000 	 0.062500000000 	 0
0.750000000000 	 0.062500000000 	 0
0.781250000000 	 0.062500000000 	 0
0.812500000000 	 0.062500000000 	 0
0.843750000000 	 0.062500000000 	 0
0.875000000000 	 0.062500000000 	 0
0.906250000000 	 0.062500000000 	 0
0.937500000000 	 0.062500000000 	 0
0.968750000000 	 0.062500000000 	 0
0.000000000000 	 0.093750000000 	 0
0.031250000000 	 0.093750000000 	 0
0.062500000000 	 0.093750000000 	 0
0.093750000000 	 0.093750000000 	 0
0.125000000000 	 0.093750000000 	 0
0.156250000000 	 0.093750000000 	 0
0.187500000000 	 0.093750000000 	 0
0.218750000000 	 0.093750000000 	 0
0.250000000000 	 0.093750000000 	 0
0.281250000000 	 0.093750000000 	 0
0.312500000000 	 0.093750000000 	 0
0.343750000000 	 0.093750000000 	 0
0.375000000000 	 0.093750000000 	 0
0.406250000000 	 0.093750000000 	 0
0.437500000000 	 0.093750000000 	 0
0.468750000000 	 0.093750000000 	 0
0.500000000000 	 0.093750000000 	 0
0.531250000000 	 0.093750000000 	 0
0.562500000000 	 0.093750000000 	 0
0.593750000000 	 0.093750000000 	 0
0.625000000000 	 0.093750000000 	 0
0.656250000000 	 0.093750000000 	 0
0.687500000000 	 0.093750000000 	 0
0.718750000000 	 0.093750000000 	 0
0.750000000000 	 0.093750000000 	 0
0.781250000000 	 0.093750000000 	 0
0.812500000000 	 0.093750000000 	 0
0.843750000000 	 0.093750000000 	 0
0.875000000000 	 0.093750000000 	 0
0.906250000000 	 0.093750000000 	 0
0.937500000000 	 0.093750000000 	 0
0.968750000000 	 0.093750000000 	 0
0.000000000000 	 0.125000000000 	 0
0.031250000000 	 0.125000000000 	 0
0.062500000000 	 0.125000000000 	 0
0.093750000000 	 0.125000000000 	 0
0.125000000000 	 0.125000000000 	 0
0.156250000000 	 0.125000000000 	 0
0.187500000000 	 0.125000000000 	 0
0.218750000000 	 0.125000000000 	 0
0.250000000000 	 0.125000000000 	 0
0.281250000000 	 0.125000000000 	 0
0.312500000000 	 0.125000000000 	 0
0.343750000000 	 0.125000000000 	 0
0.375000000000 	 0.125000000000 	 0
0.406250000000 	 0.125000000000 	 0
0.437500000000 	 0.125000000000 	 0
0.468750000000 	 0.125000000000 	 0
0.500000000000 	 0.125000000000 	 0
0.531250000000 	 0.125000000000 	 0
0.562500000000 	 0.125000000000 	 0
0.593750000000 	 0.125000000000 	 0
0.625000000000 	 0.125000000000 	 0
0.656250000000 	 0.125000000000 	 0
0.687500000000 	 0.125000000000 	 0
0.718750000000 	 0.125000000000 	 0
0.750000000000 	 0.125000000000 	 0
0.781250000000 	 0.125000000000 	 0
0.812500000000 	 0.125000000000 	 0
0.843750000000 	 0.125000000000 	 0
0.875000000000 	 0.125000000000 	 0
0.906250000000 	 0.125000000000 	 0
0.937500000000 	 0.125000000000 	 0
0.968750000000 	 0.125000000000 	 0
0.000000000000 	 0.156250000000 	 0
0.031250000000 	 0.156250000000 	 0
0.062500000000 	 0.156250000000 	 0
0.093750000000 	 0.156250000000 	 0
0.125000000000 	 0.156250000000 	 0
0.156250000000 	 0.156250000000 	 0
0.187500000000 	 0.156250000000 	 0
0.218750000000 	 0.156250000000 	 0
0.250000000000 	 0.156250000000 	 0
0.281250000000 	 0.156250000000 	 0
0.312500000000 	 0.156250000000 	 0
0.343750000000 	 0.156250000000 	 0
0.375000000000 	 0.156250000000 	 0
0.406250000000 	 0.156250000000 	 0
0.437500000000 	 0.156250000000 	 0
0.468750000000 	 0.156250000000 	 0
0.500000000000 	 0.156250000000 	 0
0.531250000000 	 0.156250000000 	 0
0.562500000000 	 0.156250000000 	 0
0.593750000000 	 0.156250000000 	 0
0.625000000000 	 0.156250000000 	 0
0.656250000000 	 0.156250000000 	 0
0.687500000000 	 0.156250000000 	 0
0.718750000000 	 0.156250000000 	 0
0.750000000000 	 0.156250000000 	 0
0.781250000000 	 0.156250000000 	 0
0.812500000000 	 0.156250000000 	 0
0.843750000000 	 0.156250000000 	 0
0.875000000000 	 0.156250000000 	 0
0.906250000000 	 0.156250000000 	 0
0.937500000000 	 0.156250000000 	 0
0.968750000000 	 0.156250000000 	 0
0.000000000000 	 0.187500000000 	 0
0.031250000000 	 0.187500000000 	 0
0.062500000000 	 0.187500000000 	 0
0.093750000000 	 0.187500000000 	 0
0.125000000000 	 0.187500000000 	 0
0.156250000000 	 0.187500000000 	 0
0.187500000000 	 0.187500000000 	 0
0.218750000000 	 0.187500000000 	 0
0.250000000000 	 0.187500000000 	 0
0.281250000000 	 0.187500000000 	 0
0.312500000000 	 0.187500000000 	 0
0.343750000000 	 0.187500000000 	 0
0.375000000000 	 0.187500000000 	 0
0.406250000000 	 0.187500000000 	 0
0.437500000000 	 0.187500000000 	 1
0.468750000000 	 0.187500000000 	 1
0.500000000000 	 0.187500000000 	 1
0.531250000000 	 0.187500000000 	 1
0.562500000000 	 0.187500000000 	 0
0.593750000000 	 0.187500000000 	 0
0.625000000000 	 0.187500000000 	 0
0.656250000000 	 0.187500000000 	 0
0.687500000000 	 0.187500000000 	 0
0.718750000000 	 0.187500000000 	 0
0.750000000000 	 0.187500000000 	 0
0.781250000000 	 0.187500000000 	 0
0.812500000000 	 0.187500000000 	 0
0.843750000000 	 0.187500000000 	 0
0.875000000000 	 0.187500000000 	 0
0.906250000000 	 0.187500000000 	 0
0.937500000000 	 0.187500000000 	 0
0.968750000000 	 0.187500000000 	 0
0.000000000000 	 0.218750000000 	 0
0.031250000000 	 0.218750000000 	 0
0.062500000000 	 0.218750000000 	 0
0.093750000000 	 0.218750000000 	 0
0.125000000000 	 0.218750000000 	 0
0.156250000000 	 0.218750000000 	 0
0.187500000000 	 0.218750000000 	 0
0.218750000000 	 0.218750000000 	 0
0.250000000000 	 0.218750000000 	 0
0.281250000000 	 0.218750000000 	 0
0.312500000000 	 0.218750000000 	 0
0.343750000000 	 0.218750000000 	 1
0.375000000000 	 0.218750000000 	 1
0.406250000000 	 0.218750000000 	 1
0.437500000000 	 0.218750000000 	 1
0.468750000000 	 0.218750000000 	 1
0.500000000000 	 0.218750000000 	 2
0.531250000000 	 0.218750000000 	 1
0.562500000000 	 0.218750000000 	 1
0.593750000000 	 0.218750000000 	 1
0.625000000000 	 0.218750000000 	 1
0.656250000000 	 0.218750000000 	 0
0.687500000000 	 0.218750000000 	 0
0.718750000000 	 0.218750000000 	 0
0.750000000000 	 0.218750000000 	 0
0.781250000000 	 0.218750000000 	 0
0.812500000000 	 0.218750000000 	 0
0.843750000000 	 0.218750000000 	 0
0.875000000000 	 0.218750000000 	 0
0.906250000000 	 0.218750000000 	 0
0.937500000000 	 0.218750000000 	 0
0.968750000000 	 0.218750000000 	 0
0.000000000000 	 0.250000000000 	 0
0.031250000000 	 0.250000000000 	 0
0.062500000000 	 0.250000000000 	 0
0.093750000000 	 0.250000000000 	 0
0.125000000000 	 0.250000000000 	 0
0.156250000000 	 0.250000000000 	 0
0.187500000000 	 0.250000000000 	 0
0.218750000000 	 0.250000000000 	 0
0.250000000000 	 0.250000000000 	 0
0.281250000000 	 0.250000000000 	 0
0.312500000000 	 0.250000000000 	 1
0.343750000000 	 0.250000000000 	 1
0.375000000000 	 0.250000000000 	 2
0.406250000000 	 0.250000000000 	 2
0.437500000000 	 0.250000000000 	 2
0.468750000000 	 0.250000000000 	 2
0.500000000000 	 0.250000000000 	 2
0.531250000000 	 0.250000000000 	 2
0.562500000000 	 0.250000000000 	 2
0.593750000000 	 0.250000000000 	 2
0.625000000000 	 0.250000000000 	 1
0.656250000000 	 0.250000000000 	 1
0.687500000000 	 0.250000000000 	 0
0.718750000000 	 0.250000000000 	 0
0.750000000000 	 0.250000000000 	 0
0.781250000000 	 0.250000000000 	 0
0.812500000000 	 0.250000000000 	 0
0.843750000000 	 0.250000000000 	 0
0.875000000000 	 0.250000000000 	 0
0.906250000000 	 0.250000000000 	 0
0.937500000000 	 0.250000000000 	 0
0.968750000000 	 0.250000000000 	 0
0.000000000000 	 0.281250000000 	 0
0.031250000000 	 0.281250000000 	 0
0.062500000000 	 0.281250000000 	 0
0.093750000000 	 0.281250000000 	 0
0.125000000000 	 0.281250000000 	 0
0.156250000000 	 0.281250000000 	 0
0.187500000000 	 0.281250000000 	 0
0.218750000000 	 0.281250000000 	 0
0.250000000000 	 0.281250000000 	 0
0.281250000000 	 0.281250000000 	 1
0.312500000000 	 0.281250000000 	 1
0.343750000000 	 0.281250000000 	 2
0.375000000000 	 0.281250000000 	 2
0.406250000000 	 0.281250000000 	 2
0.437500000000 	 0.281250000000 	 1
0.468750000000 	 0.281250000000 	 1
0.500000000000 	 0.281250000000 	 1
0.531250000000 	 0.281250000000 	 1
0.562500000000 	 0.281250000000 	 1
0.593750000000 	 0.281250000000 	 2
0.625000000000 	 0.281250000000 	 2
0.656250000000 	 0.281250000000 	 2
0.687500000000 	 0.281250000000 	 1
0.718750000000 	 0.281250000000 	 0
0.750000000000 	 0.281250000000 	 0
0.781250000000 	 0.281250000000 	 0
0.812500000000 	 0.281250000000 	 0
0.843750000000 	 0.281250000000 	 0
0.875000000000 	 0.281250000000 	 0
0.906250000000 	 0.281250000000 	 0
0.937500000000 	 0.281250000000 	 0
0.968750000000 	 0.281250000000 	 0
0.000000000000 	 0.312500000000 	 0
0.031250000000 	 0.312500000000 	 0
0.062500000000 	 0.312500000000 	 0
0.093750000000 	 0.312500000000 	 0
0.125000000000 	 0.312500000000 	 0
0.156250000000 	 0.312500000000 	 0
0.187500000000 	 0.312500000000 	 0
0.218750000000 	 0.312500000000 	 0
0.250000000000 	 0.312500000000 	 1
0.281250000000 	 0.312500000000 	 1
0.312500000000 	 0.312500000000 	 2
0.343750000000 	 0.312500000000 	 2
0.375000000000 	 0.312500000000 	 1
0.406250000000 	 0.312500000000 	 0
0.437500000000 	 0.312500000000 	 0
0.468750000000 	 0.312500000000 	 0
0.500000000000 	 0.312500000000 	 0
0.531250000000 	 0.312500000000 	 0
0.562500000000 	 0.312500000000 	 0
0.593750000000 	 0.312500000000 	 1
0.625000000000 	 0.312500000000 	 1
0.656250000000 	 0.312500000000 	 2
0.687500000000 	 0.312500000000 	 2
0.718750000000 	 0.312500000000 	 1
0.750000000000 	 0.312500000000 	 0
0.781250000000 	 0.312500000000 	 0
0.812500000000 	 0.312500000000 	 0
0.843750000000 	 0.312500000000 	 0
0.875000000000 	 0.312500000000 	 0
0.906250000000 	 0.312500000000 	 0
0.937500000000 	 0.312500000000 	 0
0.968750000000 	 0.312500000000 	 0
0.000000000000 	 0.343750000000 	 0
0.031250000000 	 0.343750000000 	 0
0.062500000000 	 0.343750000000 	 0
0.093750000000 	 0.343750000000 	 0
0.125000000000 	 0.343750000000 	 0
0.156250000000 	 0.343750000000 	 0
0.187500000000 	 0.343750000000 	 0
0.218750000000 	 0.343750000000 	 1
0.250000000000 	 0.343750000000 	 1
0.281250000000 	 0.343750000000 	 2
0.312500000000 	 0.343750000000 	 2
0.343750000000 	 0.343750000000 	 0
0.375000000000 	 0.343750000000 	 0
0.406250000000 	 0.343750000000 	 0
0.437500000000 	 0.343750000000 	 0
0.468750000000 	 0.343750000000 	 0
0.500000000000 	 0.343750000000 	 0
0.531250000000 	 0.343750000000 	 0
0.562500000000 	 0.343750000000 	 0
0.593750000000 	 0.343750000000 	 0
0.625000000000 	 0.343750000000 	 0
0.656250000000 	 0.343750000000 	 1
0.687500000000 	 0.343750000000 	 2
0.718750000000 	 0.343750000000 	 2
0.750000000000 	 0.343750000000 	 1
0.781250000000 	 0.343750000000 	 0
0.812500000000 	 0.343750000000 	 0
0.843750000000 	 0.343750000000 	 0
0.875000000000 	 0.343750000000 	 0
0.906250000000 	 0.343750000000 	 0
0.937500000000 	 0.343750000000 	 0
0.968750000000 	 0.343750000000 	 0
0.000000000000 	 0.375000000000 	 0
0.031250000000 	 0.375000000000 	 0
0.062500000000 	 0.375000000000 	 0
0.093750000000 	 0.375000000000 	 0
0.125000000000 	 0.375000000000 	 0
0.156250000000 	 0.375000000000 	 0
0.187500000000 	 0.375000000000 	 0
0.218750000000 	 0.375000000000 	 1
0.250000000000 	 0.375000000000 	 2
0.281250000000 	 0.375000000000 	 2
0.312500000000 	 0.375000000000 	 1
0.343750000000 	 0.375000000000 	 0
0.375000000000 	 0.375000000000 	 0
0.406250000000 	 0.375000000000 	 0
0.437500000000 	 0.375000000000 	 0
0.468750000000 	 0.375000000000 	 0
0.500000000000 	 0.375000000000 	 0
0.531250000000 	 0.375000000000 	 0
0.562500000000 	 0.375000000000 	 0
0.593750000000 	 0.375000000000 	 0
0.625000000000 	 0.375000000000 	 0
0.656250000000 	 0.375000000000 	 1
0.687500000000 	 0.375000000000 	 2
0.718750000000 	 0.375000000000 	 2
0.750000000000 	 0.375000000000 	 1
0.781250000000 	 0.375000000000 	 0
0.812500000000 	 0.375000000000 	 0
0.843750000000 	 0.375000000000 	 0
0.875000000000 	 0.375000000000 	 0
0.906250000000 	 0.375000000000 	 0
0.937500000000 	 0.375000000000 	 0
0.968750000000 	 0.375000000000 	 0
0.000000000000 	 0.406250000000 	 0
0.031250000000 	 0.406250000000 	 0
0.062500000000 	 0.406250000000 	 0
0.093750000000 	 0.406250000000 	 0
0.125000000000 	 0.406250000000 	 0
0.156250000000 	 0.406250000000 	 0
0.187500000000 	 0.406250000000 	 0
0.218750000000 	 0.406250000000 	 1
0.250000000000 	 0.406250000000 	 2
0.281250000000 	 0.406250000000 	 2
0.312500000000 	 0.406250000000 	 0
0.343750000000 	 0.406250000000 	 0
0.375000000000 	 0.406250000000 	 0
0.406250000000 	 0.406250000000 	 0
0.437500000000 	 0.406250000000 	 0
0.468750000000 	 0.406250000000 	 0
0.500000000000 	 0.406250000000 	 0
0.531250000000 	 0.406250000000 	 0
0.562500000000 	 0.406250000000 	 0
0.593750000000 	 0.406250000000 	 0
0.625000000000 	 0.406250000000 	 0
0.656250000000 	 0.406250000000 	 0
0.687500000000 	 0.406250000000 	 1
0.718750000000 	 0.406250000000 	 2
0.750000000000 	 0.406250000000 	 2
0.781250000000 	 0.406250000000 	 0
0.812500000000 	 0.406250000000 	 0
0.843750000000 	 0.406250000000 	 0
0.875000000000 	 0.406250000000 	 0
0.906250000000 	 0.406250000000 	 0
0.937500000000 	 0.406250000000 	 0
0.968750000000 	 0.406250000000 	 0
0.000000000000 	 0.437500000000 	 0
0.031250000000 	 0.437500000000 	 0
0.062500000000 	 0.437500000000 	 0
0.093750000000 	 0.437500000000 	 0
0.125000000000 	 0.437500000000 	 0
0.156250000000 	 0.437500000000 	 0
0.187500000000 	 0.437500000000 	 1
0.218750000000 	 0.437500000000 	 1
0.250000000000 	 0.437500000000 	 2
0.281250000000 	 0.437500000000 	 1
0.312500000000 	 0.437500000000 	 0
0.343750000000 	 0.437500000000 	 0
0.375000000000 	 0.437500000000 	 0
0.406250000000 	 0.437500000000 	 0
0.437500000000 	 0.437500000000 	 0
0.468750000000 	 0.437500000000 	 0
0.500000000000 	 0.437500000000 	 0
0.531250000000 	 0.437500000000 	 0
0.562500000000 	 0.437500000000 	 0
0.593750000000 	 0.437500000000 	 0
0.625000000000 	 0.437500000000 	 0
0.656250000000 	 0.437500000000 	 0
0.687500000000 	 0.437500000000 	 1
0.718750000000 	 0.437500000000 	 2
0.750000000000 	 0.437500000000 	 2
0.781250000000 	 0.437500000000 	 1
0.812500000000 	 0.437500000000 	 0
0.843750000000 	 0.437500000000 	 0
0.875000000000 	 0.437500000000 	 0
0.906250000000 	 0.437500000000 	 0
0.937500000000 	 0.437500000000 	 0
0.968750000000 	 0.437500000000 	 0
0.000000000000 	 0.468750000000 	 0
0.031250000000 	 0.468750000000 	 0
0.062500000000 	 0.468750000000 	 0
0.093750000000 	 0.468750000000 	 0
0.125000000000 	 0.468750000000 	 0
0.156250000000 	 0.468750000000 	 0
0.187500000000 	 0.468750000000 	 1
0.218750000000 	 0.468750000000 	 1
0.250000000000 	 0.468750000000 	 2
0.281250000000 	 0.468750000000 	 1
0.312500000000 	 0.468750000000 	 0
0.343750000000 	 0.468750000000 	 0
0.375000000000 	 0.468750000000 	 0
0.406250000000 	 0.468750000000 	 0
0.437500000000 	 0.468750000000 	 0
0.468750000000 	 0.468750000000 	 0
0.500000000000 	 0.468750000000 	 0
0.531250000000 	 0.468750000000 	 0
0.562500000000 	 0.468750000000 	 0
0.593750000000 	 0.468750000000 	 0
0.625000000000 	 0.468750000000 	 0
0.656250000000 	 0.468750000000 	 0
0.687500000000 	 0.468750000000 	 1
0.718750000000 	 0.468750000000 	 2
0.750000000000 	 0.468750000000 	 2
0.781250000000 	 0.468750000000 	 1
0.812500000000 	 0.468750000000 	 0
0.843750000000 	 0.468750000000 	 0
0.875000000000 	 0.468750000000 	 0
0.906250000000 	 0.468750000000 	 0
0.937500000000 	 0.468750000000 	 0
0.968750000000 	 0.468750000000 	 0
0.000000000000 	 0.500000000000 	 0
0.031250000000 	 0.500000000000 	 0
0.062500000000 	 0.500000000000 	 0
0.093750000000 	 0.500000000000 	 0
0.125000000000 	 0.500000000000 	 0
0.156250000000 	 0.500000000000 	 0
0.187500000000 	 0.500000000000 	 1
0.218750000000 	 0.500000000000 	 2
0.250000000000 	 0.500000000000 	 2
0.281250000000 	 0.500000000000 	 1
0.312500000000 	 0.500000000000 	 0
0.343750000000 	 0.500000000000 	 0
0.375000000000 	 0.500000000000 	 0
0.406250000000 	 0.500000000000 	 0
0.437500000000 	 0.500000000000 	 0
0.468750000000 	 0.500000000000 	 0
0.500000000000 	 0.500000000000 	 0
0.531250000000 	 0.500000000000 	 0
0.562500000000 	 0.500000000000 	 0
0.593750000000 	 0.500000000000 	 0
0.625000000000 	 0.500000000000 	 0
0.656250000000 	 0.500000000000 	 0
0.687500000000 	 0.500000000000 	 1
0.718750000000 	 0.500000000000 	 2
0.750000000000 	 0.500000000000 	 2
0.781250000000 	 0.500000000000 	 1
0.812500000000 	 0.500000000000 	 0
0.843750000000 	 0.500000000000 	 0
0.875000000000 	 0.500000000000 	 0
0.906250000000 	 0.500000000000 	 0
0.937500000000 	 0.500000000000 	 0
0.968750000000 	 0.500000000000 	 0
0.000000000000 	 0.531250000000 	 0
0.031250000000 	 0.531250000000 	 0
0.062500000000 	 0.531250000000 	 0
0.093750000000 	 0.531250000000 	 0
0.125000000000 	 0.531250000000 	 0
0.156250000000 	 0.531250000000 	 0
0.187500000000 	 0.531250000000 	 1
0.218750000000 	 0.531250000000 	 1
0.250000000000 	 0.531250000000 	 2
0.281250000000 	 0.531250000000 	 1
0.312500000000 	 0.531250000000 	 0
0.343750000000 	 0.531250000000 	 0
0.375000000000 	 0.531250000000 	 0
0.406250000000 	 0.531250000000 	 0
0.437500000000 	 0.531250000000 	 0
0.468750000000 	 0.531250000000 	 0
0.500000000000 	 0.531250000000 	 0
0.531250000000 	 0.531250000000 	 0
0.562500000000 	 0.531250000000 	 0
0.593750000000 	 0.531250000000 	 0
0.625000000000 	 0.531250000000 	 0
0.656250000000 	 0.531250000000 	 0
0.687500000000 	 0.531250000000 	 1
0.718750000000 	 0.531250000000 	 2
0.750000000000 	 0.531250000000 	 2
0.781250000000 	 0.531250000000 	 1
0.812500000000 	 0.531250000000 	 0
0.843750000000 	 0.531250000000 	 0
0.875000000000 	 0.531250000000 	 0
0.906250000000 	 0.531250000000 	 0
0.937500000000 	 0.531250000000 	 0
0.968750000000 	 0.531250000000 	 0
0.000000000000 	 0.562500000000 	 0
0.031250000000 	 0.562500000000 	 0
0.062500000000 	 0.562500000000 	 0
0.093750000000 	 0.562500000000 	 0
0.125000000000 	 0.562500000000 	 0
0.156250000000 	 0.562500000000 	 0
0.187500000000 	 0.562500000000 	 0
0.218750000000 	 0.562500000000 	 1
0.250000000000 	 0.562500000000 	 2
0.281250000000 	 0.562500000000 	 1
0.312500000000 	 0.562500000000 	 0
0.343750000000 	 0.562500000000 	 0
0.375000000000 	 0.562500000000 	 0
0.406250000000 	 0.562500000000 	 0
0.437500000000 	 0.562500000000 	 0
0.468750000000 	 0.562500000000 	 0
0.500000000000 	 0.562500000000 	 0
0.531250000000 	 0.562500000000 	 0
0.562500000000 	 0.562500000000 	 0
0.593750000000 	 0.562500000000 	 0
0.625000000000 	 0.562500000000 	 0
0.656250000000 	 0.562500000000 	 0
0.687500000000 	 0.562500000000 	 1
0.718750000000 	 0.562500000000 	 2
0.750000000000 	 0.562500000000 	 2
0.781250000000 	 0.562500000000 	 0
0.812500000000 	 0.562500000000 	 0
0.843750000000 	 0.562500000000 	 0
0.875000000000 	 0.562500000000 	 0
0.906250000000 	 0.562500000000 	 0
0.937500000000 	 0.562500000000 	 0
0.968750000000 	 0.562500000000 	 0
0.000000000000 	 0.593750000000 	 0
0.031250000000 	 0.593750000000 	 0
0.062500000000 	 0.593750000000 	 0
0.093750000000 	 0.593750000000 	 0
0.125000000000 	 0.593750000000 	 0
0.156250000000 	 0.593750000000 	 0
0.187500000000 	 0.593750000000 	 0
0.218750000000 	 0.593750000000 	 1
0.250000000000 	 0.593750000000 	 2
0.281250000000 	 0.593750000000 	 2
0.312500000000 	 0.593750000000 	 1
0.343750000000 	 0.593750000000 	 0
0.375000000000 	 0.593750000000 	 0
0.406250000000 	 0.593750000000 	 0
0.437500000000 	 0.593750000000 	 0
0.468750000000 	 0.593750000000 	 0
0.500000000000 	 0.593750000000 	 0
0.531250000000 	 0.593750000000 	 0
0.562500000000 	 0.593750000000 	 0
0.593750000000 	 0.593750000000 	 0
0.625000000000 	 0.593750000000 	 0
0.656250000000 	 0.593750000000 	 1
0.687500000000 	 0.593750000000 	 1
0.718750000000 	 0.593750000000 	 2
0.750000000000 	 0.593750000000 	 1
0.781250000000 	 0.593750000000 	 0
0.812500000000 	 0.593750000000 	 0
0.843750000000 	 0.593750000000 	 0
0.875000000000 	 0.593750000000 	 0
0.906250000000 	 0.593750000000 	 0
0.937500000000 	 0.593750000000 	 0
0.968750000000 	 0.593750000000 	 0
0.000000000000 	 0.625000000000 	 0
0.031250000000 	 0.625000000000 	 0
0.062500000000 	 0.625000000000 	 0
0.093750000000 	 0.625000000000 	 0
0.125000000000 	 0.625000000000 	 0
0.156250000000 	 0.625000000000 	 0
0.187500000000 	 0.625000000000 	 0
0.218750000000 	 0.625000000000 	 1
0.250000000000 	 0.625000000000 	 1
0.281250000000 	 0.625000000000 	 2
0.312500000000 	 0.625000000000 	 1
0.343750000000 	 0.625000000000 	 0
0.375000000000 	 0.625000000000 	 0
0.406250000000 	 0.625000000000 	 0
0.437500000000 	 0.625000000000 	 0
0.468750000000 	 0.625000000000 	 0
0.500000000000 	 0.625000000000 	 0
0.531250000000 	 0.625000000000 	 0
0.562500000000 	 0.625000000000 	 0
0.593750000000 	 0.625000000000 	 0
0.625000000000 	 0.625000000000 	 0
0.656250000000 	 0.625000000000 	 1
0.687500000000 	 0.625000000000 	 2
0.718750000000 	 0.625000000000 	 2
0.750000000000 	 0.625000000000 	 1
0.781250000000 	 0.625000000000 	 0
0.812500000000 	 0.625000000000 	 0
0.843750000000 	 0.625000000000 	 0
0.875000000000 	 0.625000000000 	 0
0.906250000000 	 0.625000000000 	 0
0.937500000000 	 0.625000000000 	 0
0.968750000000 	 0.625000000000 	 0
0.000000000000 	 0.656250000000 	 0
0.031250000000 	 0.656250000000 	 0
0.062500000000 	 0.656250000000 	 0
0.093750000000 	 0.656250000000 	 0
0.125000000000 	 0.656250000000 	 0
0.156250000000 	 0.656250000000 	 0
0.187500000000 	 0.656250000000 	 0
0.218750000000 	 0.656250000000 	 0
0.250000000000 	 0.656250000000 	 1
0.281250000000 	 0.656250000000 	 2
0.312500000000 	 0.656250000000 	 2
0.343750000000 	 0.656250000000 	 1
0.375000000000 	 0.656250000000 	 1
0.406250000000 	 0.656250000000 	 0
0.437500000000 	 0.656250000000 	 0
0.468750000000 	 0.656250000000 	 0
0.500000000000 	 0.656250000000 	 0
0.531250000000 	 0.656250000000 	 0
0.562500000000 	 0.656250000000 	 0
0.593750000000 	 0.656250000000 	 1
0.625000000000 	 0.656250000000 	 1
0.656250000000 	 0.656250000000 	 2
0.687500000000 	 0.656250000000 	 2
0.718750000000 	 0.656250000000 	 1
0.750000000000 	 0.656250000000 	 0
0.781250000000 	 0.656250000000 	 0
0.812500000000 	 0.656250000000 	 0
0.843750000000 	 0.656250000000 	 0
0.875000000000 	 0.656250000000 	 0
0.906250000000 	 0.656250000000 	 0
0.937500000000 	 0.656250000000 	 0
0.968750000000 	 0.656250000000 	 0
0.000000000000 	 0.687500000000 	 0
0.031250000000 	 0.687500000000 	 0
0.062500000000 	 0.687500000000 	 0
0.093750000000 	 0.687500000000 	 0
0.125000000000 	 0.687500000000 	 0
0.156250000000 	 0.687500000000 	 0
0.187500000000 	 0.687500000000 	 0
0.218750000000 	 0.687500000000 	 0
0.250000000000 	 0.687500000000 	 0
0.281250000000 	 0.687500000000 	 1
0.312500000000 	 0.687500000000 	 2
0.343750000000 	 0.687500000000 	 2
0.375000000000 	 0.687500000000 	 2
0.406250000000 	 0.687500000000 	 1
0.437500000000 	 0.687500000000 	 1
0.468750000000 	 0.687500000000 	 1
0.500000000000 	 0.687500000000 	 1
0.531250000000 	 0.687500000000 	 1
0.562500000000 	 0.687500000000 	 1
0.593750000000 	 0.687500000000 	 1
0.625000000000 	 0.687500000000 	 2
0.656250000000 	 0.687500000000 	 2
0.687500000000 	 0.687500000000 	 1
0.718750000000 	 0.687500000000 	 0
0.750000000000 	 0.687500000000 	 0
0.781250000000 	 0.687500000000 	 0
0.812500000000 	 0.687500000000 	 0
0.843750000000 	 0.687500000000 	 0
0.875000000000 	 0.687500000000 	 0
0.906250000000 	 0.687500000000 	 0
0.937500000000 	 0.687500000000 	 0
0.968750000000 	 0.687500000000 	 0
0.000000000000 	 0.718750000000 	 0
0.031250000000 	 0.718750000000 	 0
0.062500000000 	 0.718750000000 	 0
0.093750000000 	 0.718750000000 	 0
0.125000000000 	 0.718750000000 	 0
0.156250000000 	 0.718750000000 	 0
0.187500000000 	 0.718750000000 	 0
0.218750000000 	 0.718750000000 	 0
0.250000000000 	 0.718750000000 	 0
0.281250000000 	 0.718750000000 	 0
0.312500000000 	 0.718750000000 	 1
0.343750000000 	 0.718750000000 	 2
0.375000000000 	 0.718750000000 	 2
0.406250000000 	 0.718750000000 	 2
0.437500000000 	 0.718750000000 	 2
0.468750000000 	 0.718750000000 	 2
0.500000000000 	 0.718750000000 	 2
0.531250000000 	 0.718750000000 	 2
0.562500000000 	 0.718750000000 	 2
0.593750000000 	 0.718750000000 	 2
0.625000000000 	 0.718750000000 	 2
0.656250000000 	 0.718750000000 	 1
0.687500000000 	 0.718750000000 	 0
0.718750000000 	 0.718750000000 	 0
0.750000000000 	 0.718750000000 	 0
0.781250000000 	 0.718750000000 	 0
0.812500000000 	 0.718750000000 	 0
0.843750000000 	 0.718750000000 	 0
0.875000000000 	 0.718750000000 	 0
0.906250000000 	 0.718750000000 	 0
0.937500000000 	 0.718750000000 	 0
0.968750000000 	 0.718750000000 	 0
0.000000000000 	 0.750000000000 	 0
0.031250000000 	 0.750000000000 	 0
0.062500000000 	 0.750000000000 	 0
0.093750000000 	 0.750000000000 	 0
0.125000000000 	 0.750000000000 	 0
0.156250000000 	 0.750000000000 	 0
0.187500000000 	 0.750000000000 	 0
0.218750000000 	 0.750000000000 	 0
0.250000000000 	 0.750000000000 	 0
0.281250000000 	 0.750000000000 	 0
0.312500000000 	 0.750000000000 	 0
0.343750000000 	 0.750000000000 	 1
0.375000000000 	 0.750000000000 	 1
0.406250000000 	 0.750000000000 	 2
0.437500000000 	 0.750000000000 	 2
0.468750000000 	 0.750000000000 	 2
0.500000000000 	 0.750000000000 	 2
0.531250000000 	 0.750000000000 	 2
0.562500000000 	 0.750000000000 	 2
0.593750000000 	 0.750000000000 	 1
0.625000000000 	 0.750000000000 	 1
0.656250000000 	 0.750000000000 	 0
0.687500000000 	 0.750000000000 	 0
0.718750000000 	 0.750000000000 	 0
0.750000000000 	 0.750000000000 	 0
0.781250000000 	 0.750000000000 	 0
0.812500000000 	 0.750000000000 	 0
0.843750000000 	 0.750000000000 	 0
0.875000000000 	 0.750000000000 	 0
0.906250000000 	 0.750000000000 	 0
0.937500000000 	 0.750000000000 	 0
0.968750000000 	 0.750000000000 	 0
0.000000000000 	 0.781250000000 	 0
0.031250000000 	 0.781250000000 	 0
0.062500000000 	 0.781250000000 	 0
0.093750000000 	 0.781250000000 	 0
0.125000000000 	 0.781250000000 	 0
0.156250000000 	 0.781250000000 	 0
0.187500000000 	 0.781250000000 	 0
0.218750000000 	 0.781250000000 	 0
0.250000000000 	 0.781250000000 	 0
0.281250000000 	 0.781250000000 	 0
0.312500000000 	 0.781250000000 	 0
0.343750000000 	 0.781250000000 	 0
0.375000000000 	 0.781250000000 	 0
0.406250000000 	 0.781250000000 	 0
0.437500000000 	 0.781250000000 	 1
0.468750000000 	 0.781250000000 	 1
0.500000000000 	 0.781250000000 	 1
0.531250000000 	 0.781250000000 	 1
0.562500000000 	 0.781250000000 	 0
0.593750000000 	 0.781250000000 	 0
0.625000000000 	 0.781250000000 	 0
0.656250000000 	 0.781250000000 	 0
0.687500000000 	 0.781250000000 	 0
0.718750000000 	 0.781250000000 	 0
0.750000000000 	 0.781250000000 	 0
0.781250000000 	 0.781250000000 	 0
0.812500000000 	 0.781250000000 	 0
0.843750000000 	 0.781250000000 	 0
0.875000000000 	 0.781250000000 	 0
0.906250000000 	 0.781250000000 	 0
0.937500000000 	 0.781250000000 	 0
0.968750000000 	 0.781250000000 	 0
0.000000000000 	 0.812500000000 	 0
0.031250000000 	 0.812500000000 	 0
0.062500000000 	 0.812500000000 	 0
0.093750000000 	 0.812500000000 	 0
0.125000000000 	 0.812500000000 	 0
0.156250000000 	 0.812500000000 	 0
0.187500000000 	 0.812500000000 	 0
0.218750000000 	 0.812500000000 	 0
0.250000000000 	 0.812500000000 	 0
0.281250000000 	 0.812500000000 	 0
0.312500000000 	 0.812500000000 	 0
0.343750000000 	 0.812500000000 	 0
0.375000000000 	 0.812500000000 	 0
0.406250000000 	 0.812500000000 	 0
0.437500000000 	 0.812500000000 	 0
0.468750000000 	 0.812500000000 	 0
0.500000000000 	 0.812500000000 	 0
0.531250000000 	 0.812500000000 	 0
0.562500000000 	 0.812500000000 	 0
0.593750000000 	 0.812500000000 	 0
0.625000000000 	 0.812500000000 	 0
0.656250000000 	 0.812500000000 	 0
0.687500000000 	 0.812500000000 	 0
0.718750000000 	 0.812500000000 	 0
0.750000000000 	 0.812500000000 	 0
0.781250000000 	 0.812500000000 	 0
0.812500000000 	 0.812500000000 	 0
0.843750000000 	 0.812500000000 	 0
0.875000000000 	 0.812500000000 	 0
0.906250000000 	 0.812500000000 	 0
0.937500000000 	 0.812500000000 	 0
0.968750000000 	 0.812500000000 	 0
0.000000000000 	 0.843750000000 	 0
0.031250000000 	 0.843750000000 	 0
0.062500000000 	 0.843750000000 	 0
0.093750000000 	 0.843750000000 	 0
0.125000000000 	 0.843750000000 	 0
0.156250000000 	 0.843750000000 	 0
0.187500000000 	 0.843750000000 	 0
0.218750000000 	 0.843750000000 	 0
0.250000000000 	 0.843750000000 	 0
0.281250000000 	 0.843750000000 	 0
0.312500000000 	 0.843750000000 	 0
0.343750000000 	 0.843750000000 	 0
0.375000000000 	 0.843750000000 	 0
0.406250000000 	 0.843750000000 	 0
0.437500000000 	 0.843750000000 	 0
0.468750000000 	 0.843750000000 	 0
0.500000000000 	 0.843750000000 	 0
0.531250000000 	 0.843750000000 	 0
0.562500000000 	 0.843750000000 	 0
0.593750000000 	 0.843750000000 	 0
0.625000000000 	 0.843750000000 	 0
0.656250000000 	 0.843750000000 	 0
0.687500000000 	 0.843750000000 	 0
0.718750000000 	 0.843750000000 	 0
0.750000000000 	 0.843750000000 	 0
0.781250000000 	 0.843750000000 	 0
0.812500000000 	 0.843750000000 	 0
0.843750000000 	 0.843750000000 	 0
0.875000000000 	 0.843750000000 	 0
0.906250000000 	 0.843750000000 	 0
0.937500000000 	 0.843750000000 	 0
0.968750000000 	 0.843750000000 	 0
0.000000000000 	 0.875000000000 	 0
0.031250000000 	 0.875000000000 	 0
0.062500000000 	 0.875000000000 	 0
0.093750000000 	 0.875000000000 	 0
0.125000000000 	 0.875000000000 	 0
0.156250000000 	 0.875000000000 	 0
0.187500000000 	 0.875000000000 	 0
0.218750000000 	 0.875000000000 	 0
0.250000000000 	 0.875000000000 	 0
0.281250000000 	 0.875000000000 	 0
0.312500000000 	 0.875000000000 	 0
0.343750000000 	 0.875000000000 	 0
0.375000000000 	 0.875000000000 	 0
0.406250000000 	 0.875000000000 	 0
0.437500000000 	 0.875000000000 	 0
0.468750000000 	 0.875000000000 	 0
0.500000000000 	 0.875000000000 	 0
0.531250000000 	 0.875000000000 	 0
0.562500000000 	 0.875000000000 	 0
0.593750000000 	 0.875000000000 	 0
0.625000000000 	 0.875000000000 	 0
0.656250000000 	 0.875000000000 	 0
0.687500000000 	 0.875000000000 	 0
0.718750000000 	 0.875000000000 	 0
0.750000000000 	 0.875000000000 	 0
0.781250000000 	 0.875000000000 	 0
0.812500000000 	 0.875000000000 	 0
0.843750000000 	 0.875000000000 	 0
0.875000000000 	 0.875000000000 	 0
0.906250000000 	 0.875000000000 	 0
0.937500000000 	 0.875000000000 	 0
0.968750000000 	 0.875000000000 	 0
0.000000000000 	 0.906250000000 	 0
0.031250000000 	 0.906250000000 	 0
0.062500000000 	 0.906250000000 	 0
0.093750000000 	 0.906250000000 	 0
0.125000000000 	 0.906250000000 	 0
0.156250000000 	 0.906250000000 	 0
0.187500000000 	 0.906250000000 	 0
0.218750000000 	 0.906250000000 	 0
0.250000000000 	 0.906250000000 	 0
0.281250000000 	 0.906250000000 	 0
0.312500000000 	 0.906250000000 	 0
0.343750000000 	 0.906250000000 	 0
0.375000000000 	 0.906250000000 	 0
0.406250000000 	 0.906250000000 	 0
0.437500000000 	 0.906250000000 	 0
0.468750000000 	 0.906250000000 	 0
0.500000000000 	 0.906250000000 	 0
0.531250000000 	 0.906250000000 	 0
0.562500000000 	 0.906250000000 	 0
0.593750000000 	 0.906250000000 	 0
0.625000000000 	 0.906250000000 	 0
0.656250000000 	 0.906250000000 	 0
0.687500000000 	 0.906250000000 	 0
0.718750000000 	 0.906250000000 	 0
0.750000000000 	 0.906250000000 	 0
0.781250000000 	 0.906250000000 	 0
0.812500000000 	 0.906250000000 	 0
0.843750000000 	 0.906250000000 	 0
0.875000000000 	 0.906250000000 	 0
0.906250000000 	 0.906250000000 	 0
0.937500000000 	 0.906250000000 	 0
0.968750000000 	 0.906250000000 	 0
0.000000000000 	 0.937500000000 	 0
0.031250000000 	 0.937500000000 	 0
0.062500000000 	 0.937500000000 	 0
0.093750000000 	 0.937500000000 	 0
0.125000000000 	 0.937500000000 	 0
0.156250000000 	 0.937500000000 	 0
0.187500000000 	 0.937500000000 	 0
0.218750000000 	 0.937500000000 	 0
0.250000000000 	 0.937500000000 	 0
0.281250000000 	 0.937500000000 	 0
0.312500000000 	 0.937500000000 	 0
0.343750000000 	 0.937500000000 	 0
0.375000000000 	 0.937500000000 	 0
0.406250000000 	 0.937500000000 	 0
0.437500000000 	 0.937500000000 	 0
0.468750000000 	 0.937500000000 	 0
0.500000000000 	 0.937500000000 	 0
0.531250000000 	 0.937500000000 	 0
0.562500000000 	 0.937500000000 	 0
0.593750000000 	 0.937500000000 	 0
0.625000000000 	 0.937500000000 	 0
0.656250000000 	 0.937500000000 	 0
0.687500000000 	 0.937500000000 	 0
0.718750000000 	 0.937500000000 	 0
0.750000000000 	 0.937500000000 	 0
0.781250000000 	 0.937500000000 	 0
0.812500000000 	 0.937500000000 	 0
0.843750000000 	 0.937500000000 	 0
0.875000000000 	 0.937500000000 	 0
0.906250000000 	 0.937500000000 	 0
0.937500000000 	 0.937500000000 	 0
0.968750000000 	 0.937500000000 	 0
0.000000000000 	 0.968750000000 	 0
0.031250000000 	 0.968750000000 	 0
0.062500000000 	 0.968750000000 	 0
0.093750000000 	 0.968750000000 	 0
0.125000000000 	 0.968750000000 	 0
0.156250000000 	 0.968750000000 	 0
0.187500000000 	 0.968750000000 	 0
0.218750000000 	 0.968750000000 	 0
0.250000000000 	 0.968750000000 	 0
0.281250000000 	 0.968750000000 	 0
0.312500000000 	 0.968750000000 	 0
0.343750000000 	 0.968750000000 	 0
0.375000000000 	 0.968750000000 	 0
0.406250000000 	 0.968750000000 	 0
0.437500000000 	 0.968750000000 	 0
0.468750000000 	 0.968750000000 	 0
0.500000000000 	 0.968750000000 	 0
0.531250000000 	 0.968750000000 	 0
0.562500000000 	 0.968750000000 	 0
0.593750000000 	 0.968750000000 	 0
0.625000000000 	 0.968750000000 	 0
0.656250000000 	 0.968750000000 	 0
0.687500000000 	 0.968750000000 	 0
0.718750000000 	 0.968750000000 	 0
0.750000000000 	 0.968750000000 	 0
0.781250000000 	 0.968750000000 	 0
0.812500000000 	 0.968750000000 	 0
0.843750000000 	 0.968750000000 	 0
0.875000000000 	 0.968750000000 	 0
0.906250000000 	 0.968750000000 	 0
0.937500000000 	 0.968750000000 	 0
0.968750000000 	 0.968750000000 	 0
0.453125000000 	 0.187500000000 	 1
0.437500000000 	 0.203125000000 	 1
0.453125000000 	 0.203125000000 	 1
0.484375000000 	 0.187500000000 	 1
0.468750000000 	 0.203125000000 	 1
0.484375000000 	 0.203125000000 	 1
0.515625000000 	 0.187500000000 	 1
0.500000000000 	 0.203125000000 	 1
0.515625000000 	 0.203125000000 	 1
0.546875000000 	 0.187500000000 	 1
0.531250000000 	 0.203125000000 	 1
0.546875000000 	 0.203125000000 	 1
0.359375000000 	 0.218750000000 	 1
0.343750000000 	 0.234375000000 	 1
0.359375000000 	 0.234375000000 	 1
0.390625000000 	 0.218750000000 	 1
0.375000000000 	 0.234375000000 	 1
0.390625000000 	 0.234375000000 	 1
0.421875000000 	 0.218750000000 	 1
0.406250000000 	 0.234375000000 	 2
0.421875000000 	 0.234375000000 	 2
0.453125000000 	 0.218750000000 	 1
0.437500000000 	 0.234375000000 	 2
0.453125000000 	 0.234375000000 	 2
0.484375000000 	 0.218750000000 	 2
0.468750000000 	 0.234375000000 	 2
0.484375000000 	 0.234375000000 	 2
0.515625000000 	 0.218750000000 	 1
0.500000000000 	 0.234375000000 	 2
0.515625000000 	 0.234375000000 	 2
0.546875000000 	 0.218750000000 	 1
0.531250000000 	 0.234375000000 	 2
0.546875000000 	 0.234375000000 	 2
0.578125000000 	 0.218750000000 	 1
0.562500000000 	 0.234375000000 	 2
0.578125000000 	 0.234375000000 	 2
0.609375000000 	 0.218750000000 	 1
0.593750000000 	 0.234375000000 	 1
0.609375000000 	 0.234375000000 	 1
0.640625000000 	 0.218750000000 	 1
0.625000000000 	 0.234375000000 	 1
0.640625000000 	 0.234375000000 	 1
0.328125000000 	 0.250000000000 	 1
0.312500000000 	 0.265625000000 	 1
0.328125000000 	 0.265625000000 	 1
0.359375000000 	 0.250000000000 	 1
0.343750000000 	 0.265625000000 	 2
0.359375000000 	 0.265625000000 	 2
0.390625000000 	 0.250000000000 	 2
0.375000000000 	 0.265625000000 	 2
0.390625000000 	 0.265625000000 	 2
0.421875000000 	 0.250000000000 	 2
0.406250000000 	 0.265625000000 	 2
0.421875000000 	 0.265625000000 	 2
0.453125000000 	 0.250000000000 	 2
0.437500000000 	 0.265625000000 	 2
0.453125000000 	 0.265625000000 	 2
0.484375000000 	 0.250000000000 	 2
0.468750000000 	 0.265625000000 	 2
0.484375000000 	 0.265625000000 	 2
0.515625000000 	 0.250000000000 	 2
0.500000000000 	 0.265625000000 	 2
0.515625000000 	 0.265625000000 	 2
0.546875000000 	 0.250000000000 	 2
0.531250000000 	 0.265625000000 	 2
0.546875000000 	 0.265625000000 	 2
0.578125000000 	 0.250000000000 	 2
0.562500000000 	 0.265625000000 	 2
0.578125000000 	 0.265625000000 	 2
0.609375000000 	 0.250000000000 	 2
0.593750000000 	 0.265625000000 	 2
0.609375000000 	 0.265625000000 	 2
0.640625000000 	 0.250000000000 	 1
0.625000000000 	 0.265625000000 	 2
0.640625000000 	 0.265625000000 	 2
0.671875000000 	 0.250000000000 	 1
0.656250000000 	 0.265625000000 	 1
0.671875000000 	 0.265625000000 	 1
0.296875000000 	 0.281250000000 	 1
0.281250000000 	 0.296875000000 	 1
0.296875000000 	 0.296875000000 	 1
0.328125000000 	 0.281250000000 	 2
0.312500000000 	 0.296875000000 	 2
0.328125000000 	 0.296875000000 	 2
0.359375000000 	 0.281250000000 	 2
0.343750000000 	 0.296875000000 	 2
0.359375000000 	 0.296875000000 	 2
0.390625000000 	 0.281250000000 	 2
0.375000000000 	 0.296875000000 	 2
0.390625000000 	 0.296875000000 	 1
0.421875000000 	 0.281250000000 	 1
0.406250000000 	 0.296875000000 	 1
0.421875000000 	 0.296875000000 	 1
0.453125000000 	 0.281250000000 	 1
0.437500000000 	 0.296875000000 	 1
0.453125000000 	 0.296875000000 	 1
0.484375000000 	 0.281250000000 	 1
0.468750000000 	 0.296875000000 	 1
0.484375000000 	 0.296875000000 	 1
0.515625000000 	 0.281250000000 	 1
0.500000000000 	 0.296875000000 	 1
0.515625000000 	 0.296875000000 	 1
0.546875000000 	 0.281250000000 	 1
0.531250000000 	 0.296875000000 	 1
0.546875000000 	 0.296875000000 	 1
0.578125000000 	 0.281250000000 	 2
0.562500000000 	 0.296875000000 	 1
0.578125000000 	 0.296875000000 	 1
0.609375000000 	 0.281250000000 	 2
0.593750000000 	 0.296875000000 	 1
0.609375000000 	 0.296875000000 	 2
0.640625000000 	 0.281250000000 	 2
0.625000000000 	 0.296875000000 	 2
0.640625000000 	 0.296875000000 	 2
0.671875000000 	 0.281250000000 	 1
0.656250000000 	 0.296875000000 	 2
0.671875000000 	 0.296875000000 	 2
0.703125000000 	 0.281250000000 	 1
0.687500000000 	 0.296875000000 	 1
0.703125000000 	 0.296875000000 	 1
0.265625000000 	 0.312500000000 	 1
0.250000000000 	 0.328125000000 	 1
0.265625000000 	 0.328125000000 	 1
0.296875000000 	 0.312500000000 	 2
0.281250000000 	 0.328125000000 	 2
0.296875000000 	 0.328125000000 	 2
0.328125000000 	 0.312500000000 	 2
0.312500000000 	 0.328125000000 	 2
0.328125000000 	 0.328125000000 	 2
0.359375000000 	 0.312500000000 	 1
0.343750000000 	 0.328125000000 	 1
0.359375000000 	 0.328125000000 	 1
0.390625000000 	 0.312500000000 	 1
0.375000000000 	 0.328125000000 	 1
0.390625000000 	 0.328125000000 	 1
0.609375000000 	 0.312500000000 	 1
0.593750000000 	 0.328125000000 	 1
0.609375000000 	 0.328125000000 	 1
0.640625000000 	 0.312500000000 	 2
0.625000000000 	 0.328125000000 	 1
0.640625000000 	 0.328125000000 	 1
0.671875000000 	 0.312500000000 	 2
0.656250000000 	 0.328125000000 	 2
0.671875000000 	 0.328125000000 	 2
0.703125000000 	 0.312500000000 	 1
0.687500000000 	 0.328125000000 	 2
0.703125000000 	 0.328125000000 	 2
0.734375000000 	 0.312500000000 	 1
0.718750000000 	 0.328125000000 	 1
0.734375000000 	 0.328125000000 	 1
0.234375000000 	 0.343750000000 	 1
0.218750000000 	 0.359375000000 	 1
0.234375000000 	 0.359375000000 	 1
0.265625000000 	 0.343750000000 	 2
0.250000000000 	 0.359375000000 	 1
0.265625000000 	 0.359375000000 	 2
0.296875000000 	 0.343750000000 	 2
0.281250000000 	 0.359375000000 	 2
0.296875000000 	 0.359375000000 	 2
0.328125000000 	 0.343750000000 	 1
0.312500000000 	 0.359375000000 	 1
0.328125000000 	 0.359375000000 	 1
0.671875000000 	 0.343750000000 	 2
0.656250000000 	 0.359375000000 	 1
0.671875000000 	 0.359375000000 	 1
0.703125000000 	 0.343750000000 	 2
0.687500000000 	 0.359375000000 	 2
0.703125000000 	 0.359375000000 	 2
0.734375000000 	 0.343750000000 	 1
0.718750000000 	 0.359375000000 	 2
0.734375000000 	 0.359375000000 	 1
0.765625000000 	 0.343750000000 	 1
0.750000000000 	 0.359375000000 	 1
0.765625000000 	 0.359375000000 	 1
0.234375000000 	 0.375000000000 	 1
0.218750000000 	 0.390625000000 	 1
0.234375000000 	 0.390625000000 	 1
0.265625000000 	 0.375000000000 	 2
0.250000000000 	 0.390625000000 	 2
0.265625000000 	 0.390625000000 	 2
0.296875000000 	 0.375000000000 	 2
0.281250000000 	 0.390625000000 	 2
0.296875000000 	 0.390625000000 	 1
0.328125000000 	 0.375000000000 	 1
0.312500000000 	 0.390625000000 	 1
0.328125000000 	 0.390625000000 	 1
0.671875000000 	 0.375000000000 	 1
0.656250000000 	 0.390625000000 	 1
0.671875000000 	 0.390625000000 	 1
0.703125000000 	 0.375000000000 	 2
0.687500000000 	 0.390625000000 	 1
0.703125000000 	 0.390625000000 	 2
0.734375000000 	 0.375000000000 	 2
0.718750000000 	 0.390625000000 	 2
0.734375000000 	 0.390625000000 	 2
0.765625000000 	 0.375000000000 	 1
0.750000000000 	 0.390625000000 	 1
0.765625000000 	 0.390625000000 	 1
0.234375000000 	 0.406250000000 	 2
0.218750000000 	 0.421875000000 	 1
0.234375000000 	 0.421875000000 	 2
0.265625000000 	 0.406250000000 	 2
0.250000000000 	 0.421875000000 	 2
0.265625000000 	 0.421875000000 	 2
0.296875000000 	 0.406250000000 	 1
0.281250000000 	 0.421875000000 	 1
0.296875000000 	 0.421875000000 	 1
0.703125000000 	 0.406250000000 	 2
0.687500000000 	 0.421875000000 	 1
0.703125000000 	 0.421875000000 	 1
0.734375000000 	 0.406250000000 	 2
0.718750000000 	 0.421875000000 	 2
0.734375000000 	 0.421875000000 	 2
0.765625000000 	 0.406250000000 	 1
0.750000000000 	 0.421875000000 	 2
0.765625000000 	 0.421875000000 	 1
0.203125000000 	 0.437500000000 	 1
0.187500000000 	 0.453125000000 	 1
0.203125000000 	 0.453125000000 	 1
0.234375000000 	 0.437500000000 	 2
0.218750000000 	 0.453125000000 	 1
0.234375000000 	 0.453125000000 	 2
0.265625000000 	 0.437500000000 	 2
0.250000000000 	 0.453125000000 	 2
0.265625000000 	 0.453125000000 	 2
0.296875000000 	 0.437500000000 	 1
0.281250000000 	 0.453125000000 	 1
0.296875000000 	 0.453125000000 	 1
0.703125000000 	 0.437500000000 	 1
0.687500000000 	 0.453125000000 	 1
0.703125000000 	 0.453125000000 	 1
0.734375000000 	 0.437500000000 	 2
0.718750000000 	 0.453125000000 	 2
0.734375000000 	 0.453125000000 	 2
0.765625000000 	 0.437500000000 	 1
0.750000000000 	 0.453125000000 	 2
0.765625000000 	 0.453125000000 	 1
0.796875000000 	 0.437500000000 	 1
0.781250000000 	 0.453125000000 	 1
0.796875000000 	 0.453125000000 	 1
0.203125000000 	 0.468750000000 	 1
0.187500000000 	 0.484375000000 	 1
0.203125000000 	 0.484375000000 	 1
0.234375000000 	 0.468750000000 	 2
0.218750000000 	 0.484375000000 	 2
0.234375000000 	 0.484375000000 	 2
0.265625000000 	 0.468750000000 	 2
0.250000000000 	 0.484375000000 	 2
0.265625000000 	 0.484375000000 	 2
0.296875000000 	 0.468750000000 	 1
0.281250000000 	 0.484375000000 	 1
0.296875000000 	 0.484375000000 	 1
0.703125000000 	 0.468750000000 	 1
0.687500000000 	 0.484375000000 	 1
0.703125000000 	 0.484375000000 	 1
0.734375000000 	 0.468750000000 	 2
0.718750000000 	 0.484375000000 	 2
0.734375000000 	 0.484375000000 	 2
0.765625000000 	 0.468750000000 	 1
0.750000000000 	 0.484375000000 	 2
0.765625000000 	 0.484375000000 	 2
0.796875000000 	 0.468750000000 	 1
0.781250000000 	 0.484375000000 	 1
0.796875000000 	 0.484375000000 	 1
0.203125000000 	 0.500000000000 	 1
0.187500000000 	 0.515625000000 	 1
0.203125000000 	 0.515625000000 	 1
0.234375000000 	 0.500000000000 	 2
0.218750000000 	 0.515625000000 	 1
0.234375000000 	 0.515625000000 	 2
0.265625000000 	 0.500000000000 	 2
0.250000000000 	 0.515625000000 	 2
0.265625000000 	 0.515625000000 	 2
0.296875000000 	 0.500000000000 	 1
0.281250000000 	 0.515625000000 	 1
0.296875000000 	 0.515625000000 	 1
0.703125000000 	 0.500000000000 	 1
0.687500000000 	 0.515625000000 	 1
0.703125000000 	 0.515625000000 	 1
0.734375000000 	 0.500000000000 	 2
0.718750000000 	 0.515625000000 	 2
0.734375000000 	 0.515625000000 	 2
0.765625000000 	 0.500000000000 	 2
0.750000000000 	 0.515625000000 	 2
0.765625000000 	 0.515625000000 	 1
0.796875000000 	 0.500000000000 	 1
0.781250000000 	 0.515625000000 	 1
0.796875000000 	 0.515625000000 	 1
0.203125000000 	 0.531250000000 	 1
0.187500000000 	 0.546875000000 	 1
0.203125000000 	 0.546875000000 	 1
0.234375000000 	 0.531250000000 	 2
0.218750000000 	 0.546875000000 	 1
0.234375000000 	 0.546875000000 	 2
0.265625000000 	 0.531250000000 	 2
0.250000000000 	 0.546875000000 	 2
0.265625000000 	 0.546875000000 	 2
0.296875000000 	 0.531250000000 	 1
0.281250000000 	 0.546875000000 	 1
0.296875000000 	 0.546875000000 	 1
0.703125000000 	 0.531250000000 	 1
0.687500000000 	 0.546875000000 	 1
0.703125000000 	 0.546875000000 	 1
0.734375000000 	 0.531250000000 	 2
0.718750000000 	 0.546875000000 	 2
0.734375000000 	 0.546875000000 	 2
0.765625000000 	 0.531250000000 	 1
0.750000000000 	 0.546875000000 	 2
0.765625000000 	 0.546875000000 	 1
0.796875000000 	 0.531250000000 	 1
0.781250000000 	 0.546875000000 	 1
0.796875000000 	 0.546875000000 	 1
0.234375000000 	 0.562500000000 	 2
0.218750000000 	 0.578125000000 	 1
0.234375000000 	 0.578125000000 	 2
0.265625000000 	 0.562500000000 	 2
0.250000000000 	 0.578125000000 	 2
0.265625000000 	 0.578125000000 	 2
0.296875000000 	 0.562500000000 	 1
0.281250000000 	 0.578125000000 	 2
0.296875000000 	 0.578125000000 	 1
0.703125000000 	 0.562500000000 	 1
0.687500000000 	 0.578125000000 	 1
0.703125000000 	 0.578125000000 	 2
0.734375000000 	 0.562500000000 	 2
0.718750000000 	 0.578125000000 	 2
0.734375000000 	 0.578125000000 	 2
0.765625000000 	 0.562500000000 	 1
0.750000000000 	 0.578125000000 	 2
0.765625000000 	 0.578125000000 	 1
0.234375000000 	 0.593750000000 	 1
0.218750000000 	 0.609375000000 	 1
0.234375000000 	 0.609375000000 	 1
0.265625000000 	 0.593750000000 	 2
0.250000000000 	 0.609375000000 	 2
0.265625000000 	 0.609375000000 	 2
0.296875000000 	 0.593750000000 	 1
0.281250000000 	 0.609375000000 	 2
0.296875000000 	 0.609375000000 	 2
0.328125000000 	 0.593750000000 	 1
0.312500000000 	 0.609375000000 	 1
0.328125000000 	 0.609375000000 	 1
0.671875000000 	 0.593750000000 	 1
0.656250000000 	 0.609375000000 	 1
0.671875000000 	 0.609375000000 	 1
0.703125000000 	 0.593750000000 	 2
0.687500000000 	 0.609375000000 	 2
0.703125000000 	 0.609375000000 	 2
0.734375000000 	 0.593750000000 	 2
0.718750000000 	 0.609375000000 	 2
0.734375000000 	 0.609375000000 	 2
0.765625000000 	 0.593750000000 	 1
0.750000000000 	 0.609375000000 	 1
0.765625000000 	 0.609375000000 	 1
0.234375000000 	 0.625000000000 	 1
0.218750000000 	 0.640625000000 	 1
0.234375000000 	 0.640625000000 	 1
0.265625000000 	 0.625000000000 	 2
0.250000000000 	 0.640625000000 	 1
0.265625000000 	 0.640625000000 	 2
0.296875000000 	 0.625000000000 	 2
0.281250000000 	 0.640625000000 	 2
0.296875000000 	 0.640625000000 	 2
0.328125000000 	 0.625000000000 	 1
0.312500000000 	 0.640625000000 	 2
0.328125000000 	 0.640625000000 	 1
0.671875000000 	 0.625000000000 	 1
0.656250000000 	 0.640625000000 	 1
0.671875000000 	 0.640625000000 	 2
0.703125000000 	 0.625000000000 	 2
0.687500000000 	 0.640625000000 	 2
0.703125000000 	 0.640625000000 	 2
0.734375000000 	 0.625000000000 	 1
0.718750000000 	 0.640625000000 	 2
0.734375000000 	 0.640625000000 	 1
0.765625000000 	 0.625000000000 	 1
0.750000000000 	 0.640625000000 	 1
0.765625000000 	 0.640625000000 	 1
0.265625000000 	 0.656250000000 	 1
0.250000000000 	 0.671875000000 	 1
0.265625000000 	 0.671875000000 	 1
0.296875000000 	 0.656250000000 	 2
0.281250000000 	 0.671875000000 	 1
0.296875000000 	 0.671875000000 	 2
0.328125000000 	 0.656250000000 	 2
0.312500000000 	 0.671875000000 	 2
0.328125000000 	 0.671875000000 	 2
0.359375000000 	 0.656250000000 	 1
0.343750000000 	 0.671875000000 	 2
0.359375000000 	 0.671875000000 	 1
0.390625000000 	 0.656250000000 	 1
0.375000000000 	 0.671875000000 	 1
0.390625000000 	 0.671875000000 	 1
0.609375000000 	 0.656250000000 	 1
0.593750000000 	 0.671875000000 	 1
0.609375000000 	 0.671875000000 	 1
0.640625000000 	 0.656250000000 	 1
0.625000000000 	 0.671875000000 	 1
0.640625000000 	 0.671875000000 	 2
0.671875000000 	 0.656250000000 	 2
0.656250000000 	 0.671875000000 	 2
0.671875000000 	 0.671875000000 	 2
0.703125000000 	 0.656250000000 	 2
0.687500000000 	 0.671875000000 	 2
0.703125000000 	 0.671875000000 	 1
0.734375000000 	 0.656250000000 	 1
0.718750000000 	 0.671875000000 	 1
0.734375000000 	 0.671875000000 	 1
0.296875000000 	 0.687500000000 	 1
0.281250000000 	 0.703125000000 	 1
0.296875000000 	 0.703125000000 	 1
0.328125000000 	 0.687500000000 	 2
0.312500000000 	 0.703125000000 	 1
0.328125000000 	 0.703125000000 	 2
0.359375000000 	 0.687500000000 	 2
0.343750000000 	 0.703125000000 	 2
0.359375000000 	 0.703125000000 	 2
0.390625000000 	 0.687500000000 	 1
0.375000000000 	 0.703125000000 	 2
0.390625000000 	 0.703125000000 	 2
0.421875000000 	 0.687500000000 	 1
0.406250000000 	 0.703125000000 	 2
0.421875000000 	 0.703125000000 	 1
0.453125000000 	 0.687500000000 	 1
0.437500000000 	 0.703125000000 	 1
0.453125000000 	 0.703125000000 	 1
0.484375000000 	 0.687500000000 	 1
0.468750000000 	 0.703125000000 	 1
0.484375000000 	 0.703125000000 	 1
0.515625000000 	 0.687500000000 	 1
0.500000000000 	 0.703125000000 	 1
0.515625000000 	 0.703125000000 	 1
0.546875000000 	 0.687500000000 	 1
0.531250000000 	 0.703125000000 	 1
0.546875000000 	 0.703125000000 	 1
0.578125000000 	 0.687500000000 	 1
0.562500000000 	 0.703125000000 	 1
0.578125000000 	 0.703125000000 	 2
0.609375000000 	 0.687500000000 	 2
0.593750000000 	 0.703125000000 	 2
0.609375000000 	 0.703125000000 	 2
0.640625000000 	 0.687500000000 	 2
0.625000000000 	 0.703125000000 	 2
0.640625000000 	 0.703125000000 	 2
0.671875000000 	 0.687500000000 	 2
0.656250000000 	 0.703125000000 	 2
0.671875000000 	 0.703125000000 	 1
0.703125000000 	 0.687500000000 	 1
0.687500000000 	 0.703125000000 	 1
0.703125000000 	 0.703125000000 	 1
0.328125000000 	 0.718750000000 	 1
0.312500000000 	 0.734375000000 	 1
0.328125000000 	 0.734375000000 	 1
0.359375000000 	 0.718750000000 	 2
0.343750000000 	 0.734375000000 	 1
0.359375000000 	 0.734375000000 	 1
0.390625000000 	 0.718750000000 	 2
0.375000000000 	 0.734375000000 	 2
0.390625000000 	 0.734375000000 	 2
0.421875000000 	 0.718750000000 	 2
0.406250000000 	 0.734375000000 	 2
0.421875000000 	 0.734375000000 	 2
0.453125000000 	 0.718750000000 	 2
0.437500000000 	 0.734375000000 	 2
0.453125000000 	 0.734375000000 	 2
0.484375000000 	 0.718750000000 	 2
0.468750000000 	 0.734375000000 	 2
0.484375000000 	 0.734375000000 	 2
0.515625000000 	 0.718750000000 	 2
0.500000000000 	 0.734375000000 	 2
0.515625000000 	 0.734375000000 	 2
0.546875000000 	 0.718750000000 	 2
0.531250000000 	 0.734375000000 	 2
0.546875000000 	 0.734375000000 	 2
0.578125000000 	 0.718750000000 	 2
0.562500000000 	 0.734375000000 	 2
0.578125000000 	 0.734375000000 	 2
0.609375000000 	 0.718750000000 	 2
0.593750000000 	 0.734375000000 	 2
0.609375000000 	 0.734375000000 	 2
0.640625000000 	 0.718750000000 	 2
0.625000000000 	 0.734375000000 	 1
0.640625000000 	 0.734375000000 	 1
0.671875000000 	 0.718750000000 	 1
0.656250000000 	 0.734375000000 	 1
0.671875000000 	 0.734375000000 	 1
0.359375000000 	 0.750000000000 	 1
0.343750000000 	 0.765625000000 	 1
0.359375000000 	 0.765625000000 	 1
0.390625000000 	 0.750000000000 	 1
0.375000000000 	 0.765625000000 	 1
0.390625000000 	 0.765625000000 	 1
0.421875000000 	 0.750000000000 	 2
0.406250000000 	 0.765625000000 	 1
0.421875000000 	 0.765625000000 	 1
0.453125000000 	 0.750000000000 	 2
0.437500000000 	 0.765625000000 	 1
0.453125000000 	 0.765625000000 	 1
0.484375000000 	 0.750000000000 	 2
0.468750000000 	 0.765625000000 	 1
0.484375000000 	 0.765625000000 	 2
0.515625000000 	 0.750000000000 	 2
0.500000000000 	 0.765625000000 	 2
0.515625000000 	 0.765625000000 	 1
0.546875000000 	 0.750000000000 	 2
0.531250000000 	 0.765625000000 	 1
0.546875000000 	 0.765625000000 	 1
0.578125000000 	 0.750000000000 	 2
0.562500000000 	 0.765625000000 	 1
0.578125000000 	 0.765625000000 	 1
0.609375000000 	 0.750000000000 	 1
0.593750000000 	 0.765625000000 	 1
0.609375000000 	 0.765625000000 	 1
0.640625000000 	 0.750000000000 	 1
0.625000000000 	 0.765625000000 	 1
0.640625000000 	 0.765625000000 	 1
0.453125000000 	 0.781250000000 	 1
0.437500000000 	 0.796875000000 	 1
0.453125000000 	 0.796875000000 	 1
0.484375000000 	 0.781250000000 	 1
0.468750000000 	 0.796875000000 	 1
0.484375000000 	 0.796875000000 	 1
0.515625000000 	 0.781250000000 	 1
0.500000000000 	 0.796875000000 	 1
0.515625000000 	 0.796875000000 	 1
0.546875000000 	 0.781250000000 	 1
0.531250000000 	 0.796875000000 	 1
0.546875000000 	 0.796875000000 	 1
0.507812500000 	 0.218750000000 	 2
0.500000000000 	 0.226562500000 	 2
0.507812500000 	 0.226562500000 	 2
0.382812500000 	 0.250000000000 	 2
0.375000000000 	 0.257812500000 	 2
0.382812500000 	 0.257812500000 	 2
0.414062500000 	 0.250000000000 	 2
0.406250000000 	 0.257812500000 	 2
0.414062500000 	 0.257812500000 	 2
0.445312500000 	 0.250000000000 	 2
0.437500000000 	 0.257812500000 	 2
0.445312500000 	 0.257812500000 	 2
0.476562500000 	 0.250000000000 	 2
0.468750000000 	 0.257812500000 	 2
0.476562500000 	 0.257812500000 	 2
0.507812500000 	 0.250000000000 	 2
0.500000000000 	 0.257812500000 	 2
0.507812500000 	 0.257812500000 	 2
0.539062500000 	 0.250000000000 	 2
0.531250000000 	 0.257812500000 	 2
0.539062500000 	 0.257812500000 	 2
0.570312500000 	 0.250000000000 	 2
0.562500000000 	 0.257812500000 	 2
0.570312500000 	 0.257812500000 	 2
0.601562500000 	 0.250000000000 	 2
0.593750000000 	 0.257812500000 	 2
0.601562500000 	 0.257812500000 	 2
0.351562500000 	 0.281250000000 	 2
0.343750000000 	 0.289062500000 	 2
0.351562500000 	 0.289062500000 	 2
0.382812500000 	 0.281250000000 	 2
0.375000000000 	 0.289062500000 	 2
0.382812500000 	 0.289062500000 	 2
0.414062500000 	 0.281250000000 	 2
0.406250000000 	 0.289062500000 	 2
0.414062500000 	 0.289062500000 	 2
0.601562500000 	 0.281250000000 	 2
0.593750000000 	 0.289062500000 	 2
0.601562500000 	 0.289062500000 	 2
0.632812500000 	 0.281250000000 	 2
0.625000000000 	 0.289062500000 	 2
0.632812500000 	 0.289062500000 	 2
0.664062500000 	 0.281250000000 	 2
0.656250000000 	 0.289062500000 	 2
0.664062500000 	 0.289062500000 	 2
0.320312500000 	 0.312500000000 	 2
0.312500000000 	 0.320312500000 	 2
0.320312500000 	 0.320312500000 	 2
0.351562500000 	 0.312500000000 	 2
0.343750000000 	 0.320312500000 	 2
0.351562500000 	 0.320312500000 	 2
0.664062500000 	 0.312500000000 	 2
0.656250000000 	 0.320312500000 	 2
0.664062500000 	 0.320312500000 	 2
0.695312500000 	 0.312500000000 	 2
0.687500000000 	 0.320312500000 	 2
0.695312500000 	 0.320312500000 	 2
0.289062500000 	 0.343750000000 	 2
0.281250000000 	 0.351562500000 	 2
0.289062500000 	 0.351562500000 	 2
0.320312500000 	 0.343750000000 	 2
0.312500000000 	 0.351562500000 	 2
0.320312500000 	 0.351562500000 	 2
0.695312500000 	 0.343750000000 	 2
0.687500000000 	 0.351562500000 	 2
0.695312500000 	 0.351562500000 	 2
0.726562500000 	 0.343750000000 	 2
0.718750000000 	 0.351562500000 	 2
0.726562500000 	 0.351562500000 	 2
0.257812500000 	 0.375000000000 	 2
0.250000000000 	 0.382812500000 	 2
0.257812500000 	 0.382812500000 	 2
0.289062500000 	 0.375000000000 	 2
0.281250000000 	 0.382812500000 	 2
0.289062500000 	 0.382812500000 	 2
0.695312500000 	 0.375000000000 	 2
0.687500000000 	 0.382812500000 	 2
0.695312500000 	 0.382812500000 	 2
0.726562500000 	 0.375000000000 	 2
0.718750000000 	 0.382812500000 	 2
0.726562500000 	 0.382812500000 	 2
0.257812500000 	 0.406250000000 	 2
0.250000000000 	 0.414062500000 	 2
0.257812500000 	 0.414062500000 	 2
0.289062500000 	 0.406250000000 	 2
0.281250000000 	 0.414062500000 	 2
0.289062500000 	 0.414062500000 	 2
0.726562500000 	 0.406250000000 	 2
0.718750000000 	 0.414062500000 	 2
0.726562500000 	 0.414062500000 	 2
0.757812500000 	 0.406250000000 	 2
0.750000000000 	 0.414062500000 	 2
0.757812500000 	 0.414062500000 	 2
0.257812500000 	 0.437500000000 	 2
0.250000000000 	 0.445312500000 	 2
0.257812500000 	 0.445312500000 	 2
0.726562500000 	 0.437500000000 	 2
0.718750000000 	 0.445312500000 	 2
0.726562500000 	 0.445312500000 	 2
0.757812500000 	 0.437500000000 	 2
0.750000000000 	 0.445312500000 	 2
0.757812500000 	 0.445312500000 	 2
0.257812500000 	 0.468750000000 	 2
0.250000000000 	 0.476562500000 	 2
0.257812500000 	 0.476562500000 	 2
0.726562500000 	 0.468750000000 	 2
0.718750000000 	 0.476562500000 	 2
0.726562500000 	 0.476562500000 	 2
0.757812500000 	 0.468750000000 	 2
0.750000000000 	 0.476562500000 	 2
0.757812500000 	 0.476562500000 	 2
0.226562500000 	 0.500000000000 	 2
0.218750000000 	 0.507812500000 	 2
0.226562500000 	 0.507812500000 	 2
0.257812500000 	 0.500000000000 	 2
0.250000000000 	 0.507812500000 	 2
0.257812500000 	 0.507812500000 	 2
0.726562500000 	 0.500000000000 	 2
0.718750000000 	 0.507812500000 	 2
0.726562500000 	 0.507812500000 	 2
0.757812500000 	 0.500000000000 	 2
0.750000000000 	 0.507812500000 	 2
0.757812500000 	 0.507812500000 	 2
0.257812500000 	 0.531250000000 	 2
0.250000000000 	 0.539062500000 	 2
0.257812500000 	 0.539062500000 	 2
0.726562500000 	 0.531250000000 	 2
0.718750000000 	 0.539062500000 	 2
0.726562500000 	 0.539062500000 	 2
0.757812500000 	 0.531250000000 	 2
0.750000000000 	 0.539062500000 	 2
0.757812500000 	 0.539062500000 	 2
0.257812500000 	 0.562500000000 	 2
0.250000000000 	 0.570312500000 	 2
0.257812500000 	 0.570312500000 	 2
0.726562500000 	 0.562500000000 	 2
0.718750000000 	 0.570312500000 	 2
0.726562500000 	 0.570312500000 	 2
0.757812500000 	 0.562500000000 	 2
0.750000000000 	 0.570312500000 	 2
0.757812500000 	 0.570312500000 	 2
0.257812500000 	 0.593750000000 	 2
0.250000000000 	 0.601562500000 	 2
0.257812500000 	 0.601562500000 	 2
0.289062500000 	 0.593750000000 	 2
0.281250000000 	 0.601562500000 	 2
0.289062500000 	 0.601562500000 	 2
0.726562500000 	 0.593750000000 	 2
0.718750000000 	 0.601562500000 	 2
0.726562500000 	 0.601562500000 	 2
0.289062500000 	 0.625000000000 	 2
0.281250000000 	 0.632812500000 	 2
0.289062500000 	 0.632812500000 	 2
0.695312500000 	 0.625000000000 	 2
0.687500000000 	 0.632812500000 	 2
0.695312500000 	 0.632812500000 	 2
0.726562500000 	 0.625000000000 	 2
0.718750000000 	 0.632812500000 	 2
0.726562500000 	 0.632812500000 	 2
0.289062500000 	 0.656250000000 	 2
0.281250000000 	 0.664062500000 	 2
0.289062500000 	 0.664062500000 	 2
0.320312500000 	 0.656250000000 	 2
0.312500000000 	 0.664062500000 	 2
0.320312500000 	 0.664062500000 	 2
0.664062500000 	 0.656250000000 	 2
0.656250000000 	 0.664062500000 	 2
0.664062500000 	 0.664062500000 	 2
0.695312500000 	 0.656250000000 	 2
0.687500000000 	 0.664062500000 	 2
0.695312500000 	 0.664062500000 	 2
0.320312500000 	 0.687500000000 	 2
0.312500000000 	 0.695312500000 	 2
0.320312500000 	 0.695312500000 	 2
0.351562500000 	 0.687500000000 	 2
0.343750000000 	 0.695312500000 	 2
0.351562500000 	 0.695312500000 	 2
0.382812500000 	 0.687500000000 	 2
0.375000000000 	 0.695312500000 	 2
0.382812500000 	 0.695312500000 	 2
0.632812500000 	 0.687500000000 	 2
0.625000000000 	 0.695312500000 	 2
0.632812500000 	 0.695312500000 	 2
0.664062500000 	 0.687500000000 	 2
0.656250000000 	 0.695312500000 	 2
0.664062500000 	 0.695312500000 	 2
0.351562500000 	 0.718750000000 	 2
0.343750000000 	 0.726562500000 	 2
0.351562500000 	 0.726562500000 	 2
0.382812500000 	 0.718750000000 	 2
0.375000000000 	 0.726562500000 	 2
0.382812500000 	 0.726562500000 	 2
0.414062500000 	 0.718750000000 	 2
0.406250000000 	 0.726562500000 	 2
0.414062500000 	 0.726562500000 	 2
0.445312500000 	 0.718750000000 	 2
0.437500000000 	 0.726562500000 	 2
0.445312500000 	 0.726562500000 	 2
0.476562500000 	 0.718750000000 	 2
0.468750000000 	 0.726562500000 	 2
0.476562500000 	 0.726562500000 	 2
0.507812500000 	 0.718750000000 	 2
0.500000000000 	 0.726562500000 	 2
0.507812500000 	 0.726562500000 	 2
0.539062500000 	 0.718750000000 	 2
0.531250000000 	 0.726562500000 	 2
0.539062500000 	 0.726562500000 	 2
0.570312500000 	 0.718750000000 	 2
0.562500000000 	 0.726562500000 	 2
0.570312500000 	 0.726562500000 	 2
0.601562500000 	 0.718750000000 	 2
0.593750000000 	 0.726562500000 	 2
0.601562500000 	 0.726562500000 	 2
0.632812500000 	 0.718750000000 	 2
0.625000000000 	 0.726562500000 	 2
0.632812500000 	 0.726562500000 	 2
0.414062500000 	 0.750000000000 	 2
0.406250000000 	 0.757812500000 	 2
0.414062500000 	 0.757812500000 	 2
0.445312500000 	 0.750000000000 	 2
0.437500000000 	 0.757812500000 	 2
0.445312500000 	 0.757812500000 	 2
0.476562500000 	 0.750000000000 	 2
0.468750000000 	 0.757812500000 	 2
0.476562500000 	 0.757812500000 	 2
0.507812500000 	 0.750000000000 	 2
0.500000000000 	 0.757812500000 	 2
0.507812500000 	 0.757812500000 	 2
0.539062500000 	 0.750000000000 	 2
0.531250000000 	 0.757812500000 	 2
0.539062500000 	 0.757812500000 	 2
0.570312500000 	 0.750000000000 	 2
0.562500000000 	 0.757812500000 	 2
0.570312500000 	 0.757812500000 	 2
0.414062500000 	 0.234375000000 	 2
0.406250000000 	 0.242187500000 	 2
0.414062500000 	 0.242187500000 	 2
0.429687500000 	 0.234375000000 	 2
0.421875000000 	 0.242187500000 	 2
0.429687500000 	 0.242187500000 	 2
0.445312500000 	 0.234375000000 	 2
0.437500000000 	 0.242187500000 	 2
0.445312500000 	 0.242187500000 	 2
0.460937500000 	 0.234375000000 	 2
0.453125000000 	 0.242187500000 	 2
0.460937500000 	 0.242187500000 	 2
0.492187500000 	 0.218750000000 	 2
0.484375000000 	 0.226562500000 	 2
0.492187500000 	 0.226562500000 	 2
0.476562500000 	 0.234375000000 	 2
0.468750000000 	 0.242187500000 	 2
0.476562500000 	 0.242187500000 	 2
0.492187500000 	 0.234375000000 	 2
0.484375000000 	 0.242187500000 	 2
0.492187500000 	 0.242187500000 	 2
0.507812500000 	 0.234375000000 	 2
0.500000000000 	 0.242187500000 	 2
0.507812500000 	 0.242187500000 	 2
0.523437500000 	 0.234375000000 	 2
0.515625000000 	 0.242187500000 	 2
0.523437500000 	 0.242187500000 	 2
0.539062500000 	 0.234375000000 	 2
0.531250000000 	 0.242187500000 	 2
0.539062500000 	 0.242187500000 	 2
0.554687500000 	 0.234375000000 	 2
0.546875000000 	 0.242187500000 	 2
0.554687500000 	 0.242187500000 	 2
0.570312500000 	 0.234375000000 	 2
0.562500000000 	 0.242187500000 	 2
0.570312500000 	 0.242187500000 	 2
0.585937500000 	 0.234375000000 	 2
0.578125000000 	 0.242187500000 	 2
0.585937500000 	 0.242187500000 	 2
0.351562500000 	 0.265625000000 	 2
0.343750000000 	 0.273437500000 	 2
0.351562500000 	 0.273437500000 	 2
0.367187500000 	 0.265625000000 	 2
0.359375000000 	 0.273437500000 	 2
0.367187500000 	 0.273437500000 	 2
0.398437500000 	 0.250000000000 	 2
0.390625000000 	 0.257812500000 	 2
0.398437500000 	 0.257812500000 	 2
0.382812500000 	 0.265625000000 	 2
0.375000000000 	 0.273437500000 	 2
0.382812500000 	 0.273437500000 	 2
0.398437500000 	 0.265625000000 	 2
0.390625000000 	 0.273437500000 	 2
0.398437500000 	 0.273437500000 	 2
0.429687500000 	 0.250000000000 	 2
0.421875000000 	 0.257812500000 	 2
0.429687500000 	 0.257812500000 	 2
0.414062500000 	 0.265625000000 	 2
0.406250000000 	 0.273437500000 	 2
0.414062500000 	 0.273437500000 	 2
0.429687500000 	 0.265625000000 	 2
0.421875000000 	 0.273437500000 	 2
0.429687500000 	 0.273437500000 	 2
0.460937500000 	 0.250000000000 	 2
0.453125000000 	 0.257812500000 	 2
0.460937500000 	 0.257812500000 	 2
0.445312500000 	 0.265625000000 	 2
0.437500000000 	 0.273437500000 	 2
0.445312500000 	 0.273437500000 	 2
0.460937500000 	 0.265625000000 	 2
0.453125000000 	 0.273437500000 	 2
0.460937500000 	 0.273437500000 	 2
0.492187500000 	 0.250000000000 	 2
0.484375000000 	 0.257812500000 	 2
0.492187500000 	 0.257812500000 	 2
0.476562500000 	 0.265625000000 	 2
0.468750000000 	 0.273437500000 	 2
0.476562500000 	 0.273437500000 	 2
0.492187500000 	 0.265625000000 	 2
0.484375000000 	 0.273437500000 	 2
0.492187500000 	 0.273437500000 	 2
0.523437500000 	 0.250000000000 	 2
0.515625000000 	 0.257812500000 	 2
0.523437500000 	 0.257812500000 	 2
0.507812500000 	 0.265625000000 	 2
0.500000000000 	 0.273437500000 	 2
0.507812500000 	 0.273437500000 	 2
0.523437500000 	 0.265625000000 	 2
0.515625000000 	 0.273437500000 	 2
0.523437500000 	 0.273437500000 	 2
0.554687500000 	 0.250000000000 	 2
0.546875000000 	 0.257812500000 	 2
0.554687500000 	 0.257812500000 	 2
0.539062500000 	 0.265625000000 	 2
0.531250000000 	 0.273437500000 	 2
0.539062500000 	 0.273437500000 	 2
0.554687500000 	 0.265625000000 	 2
0.546875000000 	 0.273437500000 	 2
0.554687500000 	 0.273437500000 	 2
0.585937500000 	 0.250000000000 	 2
0.578125000000 	 0.257812500000 	 2
0.585937500000 	 0.257812500000 	 2
0.570312500000 	 0.265625000000 	 2
0.562500000000 	 0.273437500000 	 2
0.570312500000 	 0.273437500000 	 2
0.585937500000 	 0.265625000000 	 2
0.578125000000 	 0.273437500000 	 2
0.585937500000 	 0.273437500000 	 2
0.617187500000 	 0.250000000000 	 2
0.609375000000 	 0.257812500000 	 2
0.617187500000 	 0.257812500000 	 2
0.601562500000 	 0.265625000000 	 2
0.593750000000 	 0.273437500000 	 2
0.601562500000 	 0.273437500000 	 2
0.617187500000 	 0.265625000000 	 2
0.609375000000 	 0.273437500000 	 2
0.617187500000 	 0.273437500000 	 2
0.632812500000 	 0.265625000000 	 2
0.625000000000 	 0.273437500000 	 2
0.632812500000 	 0.273437500000 	 2
0.648437500000 	 0.265625000000 	 2
0.640625000000 	 0.273437500000 	 2
0.648437500000 	 0.273437500000 	 2
0.335937500000 	 0.281250000000 	 2
0.328125000000 	 0.289062500000 	 2
0.335937500000 	 0.289062500000 	 2
0.320312500000 	 0.296875000000 	 2
0.312500000000 	 0.304687500000 	 2
0.320312500000 	 0.304687500000 	 2
0.335937500000 	 0.296875000000 	 2
0.328125000000 	 0.304687500000 	 2
0.335937500000 	 0.304687500000 	 2
0.367187500000 	 0.281250000000 	 2
0.359375000000 	 0.289062500000 	 2
0.367187500000 	 0.289062500000 	 2
0.351562500000 	 0.296875000000 	 2
0.343750000000 	 0.304687500000 	 2
0.351562500000 	 0.304687500000 	 2
0.367187500000 	 0.296875000000 	 2
0.359375000000 	 0.304687500000 	 2
0.367187500000 	 0.304687500000 	 2
0.398437500000 	 0.281250000000 	 2
0.390625000000 	 0.289062500000 	 2
0.398437500000 	 0.289062500000 	 2
0.382812500000 	 0.296875000000 	 2
0.375000000000 	 0.304687500000 	 2
0.382812500000 	 0.304687500000 	 2
0.585937500000 	 0.281250000000 	 2
0.578125000000 	 0.289062500000 	 2
0.585937500000 	 0.289062500000 	 2
0.617187500000 	 0.281250000000 	 2
0.609375000000 	 0.289062500000 	 2
0.617187500000 	 0.289062500000 	 2
0.617187500000 	 0.296875000000 	 2
0.609375000000 	 0.304687500000 	 2
0.617187500000 	 0.304687500000 	 2
0.648437500000 	 0.281250000000 	 2
0.640625000000 	 0.289062500000 	 2
0.648437500000 	 0.289062500000 	 2
0.632812500000 	 0.296875000000 	 2
0.625000000000 	 0.304687500000 	 2
0.632812500000 	 0.304687500000 	 2
0.648437500000 	 0.296875000000 	 2
0.640625000000 	 0.304687500000 	 2
0.648437500000 	 0.304687500000 	 2
0.664062500000 	 0.296875000000 	 2
0.656250000000 	 0.304687500000 	 2
0.664062500000 	 0.304687500000 	 2
0.679687500000 	 0.296875000000 	 2
0.671875000000 	 0.304687500000 	 2
0.679687500000 	 0.304687500000 	 2
0.304687500000 	 0.312500000000 	 2
0.296875000000 	 0.320312500000 	 2
0.304687500000 	 0.320312500000 	 2
0.289062500000 	 0.328125000000 	 2
0.281250000000 	 0.335937500000 	 2
0.289062500000 	 0.335937500000 	 2
0.304687500000 	 0.328125000000 	 2
0.296875000000 	 0.335937500000 	 2
0.304687500000 	 0.335937500000 	 2
0.335937500000 	 0.312500000000 	 2
0.328125000000 	 0.320312500000 	 2
0.335937500000 	 0.320312500000 	 2
0.320312500000 	 0.328125000000 	 2
0.312500000000 	 0.335937500000 	 2
0.320312500000 	 0.335937500000 	 2
0.335937500000 	 0.328125000000 	 2
0.328125000000 	 0.335937500000 	 2
0.335937500000 	 0.335937500000 	 2
0.648437500000 	 0.312500000000 	 2
0.640625000000 	 0.320312500000 	 2
0.648437500000 	 0.320312500000 	 2
0.679687500000 	 0.312500000000 	 2
0.671875000000 	 0.320312500000 	 2
0.679687500000 	 0.320312500000 	 2
0.664062500000 	 0.328125000000 	 2
0.656250000000 	 0.335937500000 	 2
0.664062500000 	 0.335937500000 	 2
0.679687500000 	 0.328125000000 	 2
0.671875000000 	 0.335937500000 	 2
0.679687500000 	 0.335937500000 	 2
0.695312500000 	 0.328125000000 	 2
0.687500000000 	 0.335937500000 	 2
0.695312500000 	 0.335937500000 	 2
0.710937500000 	 0.328125000000 	 2
0.703125000000 	 0.335937500000 	 2
0.710937500000 	 0.335937500000 	 2
0.273437500000 	 0.343750000000 	 2
0.265625000000 	 0.351562500000 	 2
0.273437500000 	 0.351562500000 	 2
0.273437500000 	 0.359375000000 	 2
0.265625000000 	 0.367187500000 	 2
0.273437500000 	 0.367187500000 	 2
0.304687500000 	 0.343750000000 	 2
0.296875000000 	 0.351562500000 	 2
0.304687500000 	 0.351562500000 	 2
0.289062500000 	 0.359375000000 	 2
0.281250000000 	 0.367187500000 	 2
0.289062500000 	 0.367187500000 	 2
0.304687500000 	 0.359375000000 	 2
0.296875000000 	 0.367187500000 	 2
0.304687500000 	 0.367187500000 	 2
0.679687500000 	 0.343750000000 	 2
0.671875000000 	 0.351562500000 	 2
0.679687500000 	 0.351562500000 	 2
0.710937500000 	 0.343750000000 	 2
0.703125000000 	 0.351562500000 	 2
0.710937500000 	 0.351562500000 	 2
0.695312500000 	 0.359375000000 	 2
0.687500000000 	 0.367187500000 	 2
0.695312500000 	 0.367187500000 	 2
0.710937500000 	 0.359375000000 	 2
0.703125000000 	 0.367187500000 	 2
0.710937500000 	 0.367187500000 	 2
0.726562500000 	 0.359375000000 	 2
0.718750000000 	 0.367187500000 	 2
0.726562500000 	 0.367187500000 	 2
0.273437500000 	 0.375000000000 	 2
0.265625000000 	 0.382812500000 	 2
0.273437500000 	 0.382812500000 	 2
0.257812500000 	 0.390625000000 	 2
0.250000000000 	 0.398437500000 	 2
0.257812500000 	 0.398437500000 	 2
0.273437500000 	 0.390625000000 	 2
0.265625000000 	 0.398437500000 	 2
0.273437500000 	 0.398437500000 	 2
0.304687500000 	 0.375000000000 	 2
0.296875000000 	 0.382812500000 	 2
0.304687500000 	 0.382812500000 	 2
0.289062500000 	 0.390625000000 	 2
0.281250000000 	 0.398437500000 	 2
0.289062500000 	 0.398437500000 	 2
0.710937500000 	 0.375000000000 	 2
0.703125000000 	 0.382812500000 	 2
0.710937500000 	 0.382812500000 	 2
0.710937500000 	 0.390625000000 	 2
0.703125000000 	 0.398437500000 	 2
0.710937500000 	 0.398437500000 	 2
0.742187500000 	 0.375000000000 	 2
0.734375000000 	 0.382812500000 	 2
0.742187500000 	 0.382812500000 	 2
0.726562500000 	 0.390625000000 	 2
0.718750000000 	 0.398437500000 	 2
0.726562500000 	 0.398437500000 	 2
0.742187500000 	 0.390625000000 	 2
0.734375000000 	 0.398437500000 	 2
0.742187500000 	 0.398437500000 	 2
0.242187500000 	 0.406250000000 	 2
0.234375000000 	 0.414062500000 	 2
0.242187500000 	 0.414062500000 	 2
0.242187500000 	 0.421875000000 	 2
0.234375000000 	 0.429687500000 	 2
0.242187500000 	 0.429687500000 	 2
0.273437500000 	 0.406250000000 	 2
0.265625000000 	 0.414062500000 	 2
0.273437500000 	 0.414062500000 	 2
0.257812500000 	 0.421875000000 	 2
0.250000000000 	 0.429687500000 	 2
0.257812500000 	 0.429687500000 	 2
0.273437500000 	 0.421875000000 	 2
0.265625000000 	 0.429687500000 	 2
0.273437500000 	 0.429687500000 	 2
0.710937500000 	 0.406250000000 	 2
0.703125000000 	 0.414062500000 	 2
0.710937500000 	 0.414062500000 	 2
0.742187500000 	 0.406250000000 	 2
0.734375000000 	 0.414062500000 	 2
0.742187500000 	 0.414062500000 	 2
0.726562500000 	 0.421875000000 	 2
0.718750000000 	 0.429687500000 	 2
0.726562500000 	 0.429687500000 	 2
0.742187500000 	 0.421875000000 	 2
0.734375000000 	 0.429687500000 	 2
0.742187500000 	 0.429687500000 	 2
0.757812500000 	 0.421875000000 	 2
0.750000000000 	 0.429687500000 	 2
0.757812500000 	 0.429687500000 	 2
0.242187500000 	 0.437500000000 	 2
0.234375000000 	 0.445312500000 	 2
0.242187500000 	 0.445312500000 	 2
0.242187500000 	 0.453125000000 	 2
0.234375000000 	 0.460937500000 	 2
0.242187500000 	 0.460937500000 	 2
0.273437500000 	 0.437500000000 	 2
0.265625000000 	 0.445312500000 	 2
0.273437500000 	 0.445312500000 	 2
0.257812500000 	 0.453125000000 	 2
0.250000000000 	 0.460937500000 	 2
0.257812500000 	 0.460937500000 	 2
0.273437500000 	 0.453125000000 	 2
0.265625000000 	 0.460937500000 	 2
0.273437500000 	 0.460937500000 	 2
0.742187500000 	 0.437500000000 	 2
0.734375000000 	 0.445312500000 	 2
0.742187500000 	 0.445312500000 	 2
0.726562500000 	 0.453125000000 	 2
0.718750000000 	 0.460937500000 	 2
0.726562500000 	 0.460937500000 	 2
0.742187500000 	 0.453125000000 	 2
0.734375000000 	 0.460937500000 	 2
0.742187500000 	 0.460937500000 	 2
0.757812500000 	 0.453125000000 	 2
0.750000000000 	 0.460937500000 	 2
0.757812500000 	 0.460937500000 	 2
0.242187500000 	 0.468750000000 	 2
0.234375000000 	 0.476562500000 	 2
0.242187500000 	 0.476562500000 	 2
0.226562500000 	 0.484375000000 	 2
0.218750000000 	 0.492187500000 	 2
0.226562500000 	 0.492187500000 	 2
0.242187500000 	 0.484375000000 	 2
0.234375000000 	 0.492187500000 	 2
0.242187500000 	 0.492187500000 	 2
0.273437500000 	 0.468750000000 	 2
0.265625000000 	 0.476562500000 	 2
0.273437500000 	 0.476562500000 	 2
0.257812500000 	 0.484375000000 	 2
0.250000000000 	 0.492187500000 	 2
0.257812500000 	 0.492187500000 	 2
0.273437500000 	 0.484375000000 	 2
0.265625000000 	 0.492187500000 	 2
0.273437500000 	 0.492187500000 	 2
0.742187500000 	 0.468750000000 	 2
0.734375000000 	 0.476562500000 	 2
0.742187500000 	 0.476562500000 	 2
0.726562500000 	 0.484375000000 	 2
0.718750000000 	 0.492187500000 	 2
0.726562500000 	 0.492187500000 	 2
0.742187500000 	 0.484375000000 	 2
0.734375000000 	 0.492187500000 	 2
0.742187500000 	 0.492187500000 	 2
0.757812500000 	 0.484375000000 	 2
0.750000000000 	 0.492187500000 	 2
0.757812500000 	 0.492187500000 	 2
0.773437500000 	 0.484375000000 	 2
0.765625000000 	 0.492187500000 	 2
0.773437500000 	 0.492187500000 	 2
0.242187500000 	 0.500000000000 	 2
0.234375000000 	 0.507812500000 	 2
0.242187500000 	 0.507812500000 	 2
0.242187500000 	 0.515625000000 	 2
0.234375000000 	 0.523437500000 	 2
0.242187500000 	 0.523437500000 	 2
0.273437500000 	 0.500000000000 	 2
0.265625000000 	 0.507812500000 	 2
0.273437500000 	 0.507812500000 	 2
0.257812500000 	 0.515625000000 	 2
0.250000000000 	 0.523437500000 	 2
0.257812500000 	 0.523437500000 	 2
0.273437500000 	 0.515625000000 	 2
0.265625000000 	 0.523437500000 	 2
0.273437500000 	 0.523437500000 	 2
0.742187500000 	 0.500000000000 	 2
0.734375000000 	 0.507812500000 	 2
0.742187500000 	 0.507812500000 	 2
0.726562500000 	 0.515625000000 	 2
0.718750000000 	 0.523437500000 	 2
0.726562500000 	 0.523437500000 	 2
0.742187500000 	 0.515625000000 	 2
0.734375000000 	 0.523437500000 	 2
0.742187500000 	 0.523437500000 	 2
0.773437500000 	 0.500000000000 	 2
0.765625000000 	 0.507812500000 	 2
0.773437500000 	 0.507812500000 	 2
0.757812500000 	 0.515625000000 	 2
0.750000000000 	 0.523437500000 	 2
0.757812500000 	 0.523437500000 	 2
0.242187500000 	 0.531250000000 	 2
0.234375000000 	 0.539062500000 	 2
0.242187500000 	 0.539062500000 	 2
0.242187500000 	 0.546875000000 	 2
0.234375000000 	 0.554687500000 	 2
0.242187500000 	 0.554687500000 	 2
0.273437500000 	 0.531250000000 	 2
0.265625000000 	 0.539062500000 	 2
0.273437500000 	 0.539062500000 	 2
0.257812500000 	 0.546875000000 	 2
0.250000000000 	 0.554687500000 	 2
0.257812500000 	 0.554687500000 	 2
0.273437500000 	 0.546875000000 	 2
0.265625000000 	 0.554687500000 	 2
0.273437500000 	 0.554687500000 	 2
0.742187500000 	 0.531250000000 	 2
0.734375000000 	 0.539062500000 	 2
0.742187500000 	 0.539062500000 	 2
0.726562500000 	 0.546875000000 	 2
0.718750000000 	 0.554687500000 	 2
0.726562500000 	 0.554687500000 	 2
0.742187500000 	 0.546875000000 	 2
0.734375000000 	 0.554687500000 	 2
0.742187500000 	 0.554687500000 	 2
0.757812500000 	 0.546875000000 	 2
0.750000000000 	 0.554687500000 	 2
0.757812500000 	 0.554687500000 	 2
0.242187500000 	 0.562500000000 	 2
0.234375000000 	 0.570312500000 	 2
0.242187500000 	 0.570312500000 	 2
0.242187500000 	 0.578125000000 	 2
0.234375000000 	 0.585937500000 	 2
0.242187500000 	 0.585937500000 	 2
0.273437500000 	 0.562500000000 	 2
0.265625000000 	 0.570312500000 	 2
0.273437500000 	 0.570312500000 	 2
0.257812500000 	 0.578125000000 	 2
0.250000000000 	 0.585937500000 	 2
0.257812500000 	 0.585937500000 	 2
0.273437500000 	 0.578125000000 	 2
0.265625000000 	 0.585937500000 	 2
0.273437500000 	 0.585937500000 	 2
0.289062500000 	 0.578125000000 	 2
0.281250000000 	 0.585937500000 	 2
0.289062500000 	 0.585937500000 	 2
0.710937500000 	 0.578125000000 	 2
0.703125000000 	 0.585937500000 	 2
0.710937500000 	 0.585937500000 	 2
0.742187500000 	 0.562500000000 	 2
0.734375000000 	 0.570312500000 	 2
0.742187500000 	 0.570312500000 	 2
0.726562500000 	 0.578125000000 	 2
0.718750000000 	 0.585937500000 	 2
0.726562500000 	 0.585937500000 	 2
0.742187500000 	 0.578125000000 	 2
0.734375000000 	 0.585937500000 	 2
0.742187500000 	 0.585937500000 	 2
0.757812500000 	 0.578125000000 	 2
0.750000000000 	 0.585937500000 	 2
0.757812500000 	 0.585937500000 	 2
0.273437500000 	 0.593750000000 	 2
0.265625000000 	 0.601562500000 	 2
0.273437500000 	 0.601562500000 	 2
0.257812500000 	 0.609375000000 	 2
0.250000000000 	 0.617187500000 	 2
0.257812500000 	 0.617187500000 	 2
0.273437500000 	 0.609375000000 	 2
0.265625000000 	 0.617187500000 	 2
0.273437500000 	 0.617187500000 	 2
0.289062500000 	 0.609375000000 	 2
0.281250000000 	 0.617187500000 	 2
0.289062500000 	 0.617187500000 	 2
0.304687500000 	 0.609375000000 	 2
0.296875000000 	 0.617187500000 	 2
0.304687500000 	 0.617187500000 	 2
0.710937500000 	 0.593750000000 	 2
0.703125000000 	 0.601562500000 	 2
0.710937500000 	 0.601562500000 	 2
0.695312500000 	 0.609375000000 	 2
0.687500000000 	 0.617187500000 	 2
0.695312500000 	 0.617187500000 	 2
0.710937500000 	 0.609375000000 	 2
0.703125000000 	 0.617187500000 	 2
0.710937500000 	 0.617187500000 	 2
0.742187500000 	 0.593750000000 	 2
0.734375000000 	 0.601562500000 	 2
0.742187500000 	 0.601562500000 	 2
0.726562500000 	 0.609375000000 	 2
0.718750000000 	 0.617187500000 	 2
0.726562500000 	 0.617187500000 	 2
0.742187500000 	 0.609375000000 	 2
0.734375000000 	 0.617187500000 	 2
0.742187500000 	 0.617187500000 	 2
0.273437500000 	 0.625000000000 	 2
0.265625000000 	 0.632812500000 	 2
0.273437500000 	 0.632812500000 	 2
0.273437500000 	 0.640625000000 	 2
0.265625000000 	 0.648437500000 	 2
0.273437500000 	 0.648437500000 	 2
0.304687500000 	 0.625000000000 	 2
0.296875000000 	 0.632812500000 	 2
0.304687500000 	 0.632812500000 	 2
0.289062500000 	 0.640625000000 	 2
0.281250000000 	 0.648437500000 	 2
0.289062500000 	 0.648437500000 	 2
0.304687500000 	 0.640625000000 	 2
0.296875000000 	 0.648437500000 	 2
0.304687500000 	 0.648437500000 	 2
0.320312500000 	 0.640625000000 	 2
0.312500000000 	 0.648437500000 	 2
0.320312500000 	 0.648437500000 	 2
0.679687500000 	 0.640625000000 	 2
0.671875000000 	 0.648437500000 	 2
0.679687500000 	 0.648437500000 	 2
0.710937500000 	 0.625000000000 	 2
0.703125000000 	 0.632812500000 	 2
0.710937500000 	 0.632812500000 	 2
0.695312500000 	 0.640625000000 	 2
0.687500000000 	 0.648437500000 	 2
0.695312500000 	 0.648437500000 	 2
0.710937500000 	 0.640625000000 	 2
0.703125000000 	 0.648437500000 	 2
0.710937500000 	 0.648437500000 	 2
0.726562500000 	 0.640625000000 	 2
0.718750000000 	 0.648437500000 	 2
0.726562500000 	 0.648437500000 	 2
0.304687500000 	 0.656250000000 	 2
0.296875000000 	 0.664062500000 	 2
0.304687500000 	 0.664062500000 	 2
0.304687500000 	 0.671875000000 	 2
0.296875000000 	 0.679687500000 	 2
0.304687500000 	 0.679687500000 	 2
0.335937500000 	 0.656250000000 	 2
0.328125000000 	 0.664062500000 	 2
0.335937500000 	 0.664062500000 	 2
0.320312500000 	 0.671875000000 	 2
0.312500000000 	 0.679687500000 	 2
0.320312500000 	 0.679687500000 	 2
0.335937500000 	 0.671875000000 	 2
0.328125000000 	 0.679687500000 	 2
0.335937500000 	 0.679687500000 	 2
0.351562500000 	 0.671875000000 	 2
0.343750000000 	 0.679687500000 	 2
0.351562500000 	 0.679687500000 	 2
0.648437500000 	 0.671875000000 	 2
0.640625000000 	 0.679687500000 	 2
0.648437500000 	 0.679687500000 	 2
0.679687500000 	 0.656250000000 	 2
0.671875000000 	 0.664062500000 	 2
0.679687500000 	 0.664062500000 	 2
0.664062500000 	 0.671875000000 	 2
0.656250000000 	 0.679687500000 	 2
0.664062500000 	 0.679687500000 	 2
0.679687500000 	 0.671875000000 	 2
0.671875000000 	 0.679687500000 	 2
0.679687500000 	 0.679687500000 	 2
0.710937500000 	 0.656250000000 	 2
0.703125000000 	 0.664062500000 	 2
0.710937500000 	 0.664062500000 	 2
0.695312500000 	 0.671875000000 	 2
0.687500000000 	 0.679687500000 	 2
0.695312500000 	 0.679687500000 	 2
0.335937500000 	 0.687500000000 	 2
0.328125000000 	 0.695312500000 	 2
0.335937500000 	 0.695312500000 	 2
0.335937500000 	 0.703125000000 	 2
0.328125000000 	 0.710937500000 	 2
0.335937500000 	 0.710937500000 	 2
0.367187500000 	 0.687500000000 	 2
0.359375000000 	 0.695312500000 	 2
0.367187500000 	 0.695312500000 	 2
0.351562500000 	 0.703125000000 	 2
0.343750000000 	 0.710937500000 	 2
0.351562500000 	 0.710937500000 	 2
0.367187500000 	 0.703125000000 	 2
0.359375000000 	 0.710937500000 	 2
0.367187500000 	 0.710937500000 	 2
0.382812500000 	 0.703125000000 	 2
0.375000000000 	 0.710937500000 	 2
0.382812500000 	 0.710937500000 	 2
0.398437500000 	 0.703125000000 	 2
0.390625000000 	 0.710937500000 	 2
0.398437500000 	 0.710937500000 	 2
0.414062500000 	 0.703125000000 	 2
0.406250000000 	 0.710937500000 	 2
0.414062500000 	 0.710937500000 	 2
0.585937500000 	 0.703125000000 	 2
0.578125000000 	 0.710937500000 	 2
0.585937500000 	 0.710937500000 	 2
0.617187500000 	 0.687500000000 	 2
0.609375000000 	 0.695312500000 	 2
0.617187500000 	 0.695312500000 	 2
0.601562500000 	 0.703125000000 	 2
0.593750000000 	 0.710937500000 	 2
0.601562500000 	 0.710937500000 	 2
0.617187500000 	 0.703125000000 	 2
0.609375000000 	 0.710937500000 	 2
0.617187500000 	 0.710937500000 	 2
0.648437500000 	 0.687500000000 	 2
0.640625000000 	 0.695312500000 	 2
0.648437500000 	 0.695312500000 	 2
0.632812500000 	 0.703125000000 	 2
0.625000000000 	 0.710937500000 	 2
0.632812500000 	 0.710937500000 	 2
0.648437500000 	 0.703125000000 	 2
0.640625000000 	 0.710937500000 	 2
0.648437500000 	 0.710937500000 	 2
0.679687500000 	 0.687500000000 	 2
0.671875000000 	 0.695312500000 	 2
0.679687500000 	 0.695312500000 	 2
0.664062500000 	 0.703125000000 	 2
0.656250000000 	 0.710937500000 	 2
0.664062500000 	 0.710937500000 	 2
0.367187500000 	 0.718750000000 	 2
0.359375000000 	 0.726562500000 	 2
0.367187500000 	 0.726562500000 	 2
0.398437500000 	 0.718750000000 	 2
0.390625000000 	 0.726562500000 	 2
0.398437500000 	 0.726562500000 	 2
0.382812500000 	 0.734375000000 	 2
0.375000000000 	 0.742187500000 	 2
0.382812500000 	 0.742187500000 	 2
0.398437500000 	 0.734375000000 	 2
0.390625000000 	 0.742187500000 	 2
0.398437500000 	 0.742187500000 	 2
0.429687500000 	 0.718750000000 	 2
0.421875000000 	 0.726562500000 	 2
0.429687500000 	 0.726562500000 	 2
0.414062500000 	 0.734375000000 	 2
0.406250000000 	 0.742187500000 	 2
0.414062500000 	 0.742187500000 	 2
0.429687500000 	 0.734375000000 	 2
0.421875000000 	 0.742187500000 	 2
0.429687500000 	 0.742187500000 	 2
0.460937500000 	 0.718750000000 	 2
0.453125000000 	 0.726562500000 	 2
0.460937500000 	 0.726562500000 	 2
0.445312500000 	 0.734375000000 	 2
0.437500000000 	 0.742187500000 	 2
0.445312500000 	 0.742187500000 	 2
0.460937500000 	 0.734375000000 	 2
0.453125000000 	 0.742187500000 	 2
0.460937500000 	 0.742187500000 	 2
0.492187500000 	 0.718750000000 	 2
0.484375000000 	 0.726562500000 	 2
0.492187500000 	 0.726562500000 	 2
0.476562500000 	 0.734375000000 	 2
0.468750000000 	 0.742187500000 	 2
0.476562500000 	 0.742187500000 	 2
0.492187500000 	 0.734375000000 	 2
0.484375000000 	 0.742187500000 	 2
0.492187500000 	 0.742187500000 	 2
0.523437500000 	 0.718750000000 	 2
0.515625000000 	 0.726562500000 	 2
0.523437500000 	 0.726562500000 	 2
0.507812500000 	 0.734375000000 	 2
0.500000000000 	 0.742187500000 	 2
0.507812500000 	 0.742187500000 	 2
0.523437500000 	 0.734375000000 	 2
0.515625000000 	 0.742187500000 	 2
0.523437500000 	 0.742187500000 	 2
0.554687500000 	 0.718750000000 	 2
0.546875000000 	 0.726562500000 	 2
0.554687500000 	 0.726562500000 	 2
0.539062500000 	 0.734375000000 	 2
0.531250000000 	 0.742187500000 	 2
0.539062500000 	 0.742187500000 	 2
0.554687500000 	 0.734375000000 	 2
0.546875000000 	 0.742187500000 	 2
0.554687500000 	 0.742187500000 	 2
0.585937500000 	 0.718750000000 	 2
0.578125000000 	 0.726562500000 	 2
0.585937500000 	 0.726562500000 	 2
0.570312500000 	 0.734375000000 	 2
0.562500000000 	 0.742187500000 	 2
0.570312500000 	 0.742187500000 	 2
0.585937500000 	 0.734375000000 	 2
0.578125000000 	 0.742187500000 	 2
0.585937500000 	 0.742187500000 	 2
0.617187500000 	 0.718750000000 	 2
0.609375000000 	 0.726562500000 	 2
0.617187500000 	 0.726562500000 	 2
0.601562500000 	 0.734375000000 	 2
0.593750000000 	 0.742187500000 	 2
0.601562500000 	 0.742187500000 	 2
0.617187500000 	 0.734375000000 	 2
0.609375000000 	 0.742187500000 	 2
0.617187500000 	 0.742187500000 	 2
0.648437500000 	 0.718750000000 	 2
0.640625000000 	 0.726562500000 	 2
0.648437500000 	 0.726562500000 	 2
0.429687500000 	 0.750000000000 	 2
0.421875000000 	 0.757812500000 	 2
0.429687500000 	 0.757812500000 	 2
0.460937500000 	 0.750000000000 	 2
0.453125000000 	 0.757812500000 	 2
0.460937500000 	 0.757812500000 	 2
0.492187500000 	 0.750000000000 	 2
0.484375000000 	 0.757812500000 	 2
0.492187500000 	 0.757812500000 	 2
0.492187500000 	 0.765625000000 	 2
0.484375000000 	 0.773437500000 	 2
0.492187500000 	 0.773437500000 	 2
0.523437500000 	 0.750000000000 	 2
0.515625000000 	 0.757812500000 	 2
0.523437500000 	 0.757812500000 	 2
0.507812500000 	 0.765625000000 	 2
0.500000000000 	 0.773437500000 	 2
0.507812500000 	 0.773437500000 	 2
0.554687500000 	 0.750000000000 	 2
0.546875000000 	 0.757812500000 	 2
0.554687500000 	 0.757812500000 	 2
0.585937500000 	 0.750000000000 	 2
0.578125000000 	 0.757812500000 	 2
0.585937500000 	 0.757812500000 	 2
