		 RESULTADOS NUMERICOS POISSON 2D 

 N 	 	Norma_2 	 	Norma_h 		  Norma_Inf 		 Num Cond 		 Vlr propio max 	 Vlr propio min  	Simétrica    max colisiones
8 	9.0330268563e-01 	  8.3639353874e-02 	 5.0055655101e-01 	1.97593e+03 	 -6.77610e+03 	 -7.88944e+03 	 0			3
16 	1.1259594676e-01 	  5.4680309977e-03 	 1.4061778704e-02 	8.90294e+03 	 -3.12747e+04 	 -3.24704e+04 	 0			4
32 	6.4120754846e-02 	  1.5199774442e-03 	 3.7812437663e-03 	3.65747e+04 	 -1.29556e+05 	 -1.30770e+05 	 0			3
64 	3.4101193521e-02 	  4.0161435481e-04 	 9.7847512473e-04 	1.47768e+05 	 -5.22749e+05 	 -5.23981e+05 	 0			4
128 	1.7565354394e-02 	  1.0326292259e-04 	 2.4879598886e-04 	5.93509e+05 	 -2.09560e+06 	 -2.09684e+06 	 0			3
256 	8.9115116898e-03 	  2.6182814269e-05 	 6.2755462657e-05 	2.37890e+06 	 	NaN 	 		NaN 		 0			5

Razon Norma_2 	 Razon Norma_h 	 Razon Norma_Inf 
8.0225		15.2961		35.5970
1.7560		3.5974		3.7188
1.8803		3.7847		3.8644
1.9414		3.8892		3.9328
1.9711		3.9439		3.9645
