		 RESULTADOS NUMERICOS POISSON 2D (en MLs) MALLA UNIFORME NEWMANN (2 COND g1 y g2 (B,L))

 N 	          Norma_2 		 Norma_h 		  Norma_Inf 		 Num Cond 		 Vlr propio max 	 Vlr propio min  		 Simétrica 		 max colisiones
3 		1.2152153672e+00 	  4.0507178906e-01 	 9.6687107565e-01 	2.07692e+01 	 -3.60000e+01 	 -6.71769e+01 		 1	      6
6 		4.7394993733e-01 	  7.8991656221e-02 	 1.8540541692e-01 	8.44092e+01 	 -2.32182e+02 	 -2.83093e+02 		 1	      6
12 		2.2340812099e-01 	  1.8617343416e-02 	 4.5724233994e-02 	3.39014e+02 	 -1.09002e+03 	 -1.14707e+03 		 1	      6
24 		1.1008919070e-01 	  4.5870496127e-03 	 1.1257502311e-02 	1.35745e+03 	 -4.54440e+03 	 -4.60307e+03 		 1	      6
48 		5.4845153076e-02 	  1.1426073557e-03 	 2.8104328808e-03 	5.43118e+03 	 -1.83680e+04 	 -1.84271e+04 		 1	      6
96 		2.7397720902e-02 	  2.8539292606e-04 	 7.0186589479e-04 	2.17261e+04 	 -7.36639e+04 	 -7.37231e+04 		 1	      6

Razon Norma_2 	 Razon Norma_h 	 Razon Norma_Inf 
2.5640		5.1280		5.2149
2.1214		4.2429		4.0548	
2.0293		4.0587		4.0617	
2.0072		4.0145		4.0056	
2.0018		4.0036		4.0042


8 		3.4339807358e-01 	  4.2924759198e-02 	 1.0526978051e-01 	1.50417e+02 	 -4.52654e+02 	 -5.07081e+02 		 1	6


32 		8.2392206602e-02 	  2.5747564563e-03 	 6.3318809332e-03 	2.41360e+03 	 -8.12816e+03 	 -8.18707e+03 		 1	6
64 		4.1112110696e-02 	  6.4237672962e-04 	 1.5796680218e-03 	9.65579e+03 	 -3.27039e+04 	 -3.27631e+04 		 1	6
128 		2.0545573959e-02 	  1.6051229656e-04 	 3.9482792458e-04 	3.86245e+04 	 -1.31008e+05 	 -1.31067e+05 		 1	6
256 		1.0271477390e-02 	  4.0122958553e-05 	 9.8690589370e-05 	1.54500e+05 	 -5.24263e+05 	 -5.24283e+05 		 1	6



4.008172054774004
4.002040612383099
4.000509991006096