		 RESULTADOS NUMERICOS POISSON 2D- malla refinada basica_ Dirichlet- New HT-MLS

 N 		   Norma_2 		      Norma_h 		    Norma_Inf 		 Num Cond 		 Vlr propio max 	 Vlr propio min  		 Simétrica 		 max colisiones
4 		1.0641532256e+00 	  1.6893163575e-01 	 5.0039679164e-01 	5.63011e+01 	 -1.74157e+02 	 -4.10608e+02 		 0	3
8 		2.1277909715e-01 	  2.5111735863e-02 	 5.5546660652e-02 	2.87038e+02 	 -1.50938e+03 	 -1.91818e+03 		 0	3
16 		1.0529767875e-01 	  6.2186288153e-03 	 1.4503820876e-02 	1.24440e+03 	 -7.52946e+03 	 -8.03382e+03 		 0	3
32 		5.3536461337e-02 	  1.5726365355e-03 	 3.6435748384e-03 	5.12338e+03 	 -3.20416e+04 	 -3.25917e+04 		 0	3
64 		2.7163302089e-02 	  3.9722376192e-04 	 9.1233112073e-04 	2.07517e+04 	 -1.30314e+05 	 -1.30886e+05 		 0	3
128 		1.3702130588e-02 	  9.9933180530e-05 	 2.2793118014e-04 	8.34950e+04 	 -5.23514e+05 	 -5.24096e+05 		 0	3
256 		6.8838170481e-03 	  2.5069255565e-05 	 5.6979948771e-05 	3.34929e+05 	 -2.09637e+06 	 -2.09696e+06 		 0	3

Razon Norma_2 Razon Norma_h 	 Razon Norma_Inf 
5.0012		6.7272		9.0086
2.0207		4.0381		3.8298
1.9668		3.9543		3.9807
1.9709		3.9591		3.9937
1.9824		3.9749		4.0027
1.9905		3.9863		4.0002